var V [*] :=
 1  52.39493596
 2  52.63272961
 3  52.58272954
 4  52.44497307
 5  52.35174488
 6  52.35437637
 7  52.43152071
 8  52.53382674
 9  52.53382699
10  52.53382849
11  52.5338419
12  52.53395952
13  52.53500753
14  52.54488483
15   0
;

var y [*,*]
:          1              2               3          :=
1    0.04333218137   0.6496176893   0.3070501295
2    0.0904813382    0.693092666    0.2164259959
3    0.1570644288    0.6670273542   0.175908217
4    0.2425961508    0.6047602335   0.1526436155
5    0.3393594096    0.5260286185   0.1346119718
6    0.433807657     0.4470720991   0.1191202439
7    0.5133669212    0.3801037222   0.1065293567
8    0.5723748985    0.3303620262   0.09726307594
9    0.5723749009    0.3303620401   0.09726305859
10   0.5723749287    0.3303621637   0.09726290757
11   0.5723751841    0.3303632308   0.09726158454
12   0.5723778377    0.33037221     0.09724995238
13   0.5724129147    0.3304406656   0.09714641944
14   0.5730560481    0.3307525658   0.09619138614
15   0.5877615226    0.3255063856   0.08673209164
;

var L [*] :=
 1    0
 2  102.3949356
 3  102.6327292
 4  102.5827291
 5  102.4449726
 6  102.3517444
 7  102.3543759
 8  102.4315203
 9    2.533826344
10    2.533826531
11    2.533828058
12    2.533841442
13    2.533959091
14    2.535007085
15    2.544884396
;

var x [*,*]
:          1              2              3          :=
1    0.01223847222   0.4744936116   0.5132679076
2    0.02814895545   0.564103659    0.4077473854
3    0.05236344647   0.5865968871   0.3610396663
4    0.08647459535   0.5731842002   0.3403412044
5    0.1301661942    0.54118141     0.3286523957
6    0.1795570846    0.5008531793   0.319589736
7    0.227871576     0.4604674796   0.3116609444
8    0.2687505945    0.4261783545   0.305071051
9    0.2687506045    0.426178387    0.3050710085
10   0.2687506896    0.4261786742   0.3050706361
11   0.2687514442    0.4261811767   0.305067379
12   0.2687583488    0.4262027989   0.3050388521
13   0.2688274528    0.4263845006   0.3047880466
14   0.2696798759    0.4277634722   0.3025566519
15   0.2841337938    0.4338256204   0.2820405858
;

var PC = 50.00000044;
var PR = 50;

var T [*] :=
 1  355.205355
 2  352.0596761
 3  349.8486883
 4  347.7418388
 5  345.4677415
 6  343.1426466
 7  341.0406327
 8  339.3727396
 9  339.3727386
10  339.3727307
11  339.372661
12  339.3720398
13  339.3662624
14  339.3059987
15  338.515695
;

var TF = 338.1587438;
var QC = 494.6566592;
var QR = 540.3613034;

