set C := 1, 2, 3;

param Pr := 30397.5; #0.3 atm

param cPr : 	1			2			3 :=
			1	83.79737	112.2405	91.44217		
			2	-6513.959	-7636.596	-7832.167		
			3	-9.325717 	-14.50891	-10.2817		
			4	7.091413e-6	0.01436147	6.317976e-6		
			5	2		1 		2;
			
param Tref := 298;
var V [*,*] (tr)
:         1             2         :=
1    39.02164006   64.76324037
2    39.31697806   65.07773579
3    39.43639566   65.47172283
4    39.49143006   65.84157625
5    39.51778358   66.12643252
6    39.53026791   66.31857623
7    39.53608774   66.43736237
8    39.53877136   66.50603326
9    39.54000131   66.54174042
10   39.54056326   66.55305464
11   39.54081962   66.53858634
12   39.54093648   66.48282266
13   39.54098973   66.34831388
14   39.541014     66.07657291
15   39.54102506   65.68625832
16   39.54103009   65.68625831
17   39.54103239   65.68625833
18   39.54103343   65.68625831
19   39.54103391   65.68625829
20   39.54103413   65.68625835
21   39.54103422   65.68625838
22   39.54103427   65.68625838
23   39.54103431   65.68625843
24   39.54103448   65.6862585
25   39.54104784   65.68625859
26   39.54104861   65.68625887
27   39.54105205   65.68625936
28   39.54105655   65.68626017
29   39.54106404   65.68626169
30   39.54107651   65.68626457
31   39.54109727   65.6862699
32   39.54113186   65.68627964
33   39.54118945   65.68629774
34   39.54128538   65.68633113
35   39.54144512   65.68639277
36   39.5417111    65.68650665
37   39.54215393   65.68671699
38   39.54289101   65.68710543
39   39.54411734   65.68782288
40   39.54615625   65.68914783
41   39.54954222   65.69159419
42   39.55515453   65.69610986
43   39.56442789   65.70444009
44   39.57967327   65.71978868
45   39.60454109   65.74799443
46   39.64466349   65.79951054
47   39.70872613   65.8921831
48   39.81220064   66.05275582
49   40.00005553   66.31110374
50    0             0
;

var y [1,*,*]
:         1              2               3          :=
1    0.3402497606   0.4757454661   0.1840047734
2    0.4743688602   0.4044769124   0.1211542274
3    0.5461724864   0.3511233682   0.1027041454
4    0.5817195398   0.3222821873   0.09599827288
5    0.5985911787   0.3082304518   0.0931783695
6    0.6064294627   0.3016497219   0.09192081541
7    0.6100333171   0.2986166141   0.09135006883
8    0.6116821332   0.2972278883   0.09108997852
9    0.6124347557   0.2965938472   0.09097139705
10   0.6127779337   0.2963047214   0.09091734488
11   0.6129343379   0.2961729494   0.09089271265
12   0.6130056035   0.2961129073   0.0908814892
13   0.6130380723   0.2960855519   0.09087637577
14   0.6130528645   0.2960730893   0.09087404618
15   0.6130596034   0.2960674117   0.09087298489
16   0.6130626735   0.2960648251   0.0908725014
17   0.6130640721   0.2960636468   0.09087228113
18   0.6130647092   0.29606311     0.09087218079
19   0.6130649995   0.2960628654   0.09087213507
20   0.6130651318   0.296062754    0.09087211424
21   0.613065192    0.2960627033   0.09087210476
22   0.6130652194   0.2960626801   0.09087210044
23   0.6130652319   0.2960626696   0.09087209848
24   0.6130652376   0.2960626648   0.09087209759
25   0.6130652402   0.2960626627   0.09087209716
26   0.6130652801   0.2960628217   0.09087189814
27   0.6130653498   0.2960630873   0.09087156292
28   0.6130654642   0.2960635291   0.09087100671
29   0.6130656547   0.296064265    0.09087008032
30   0.6130659719   0.2960654905   0.09086853764
31   0.6130665002   0.2960675315   0.09086596835
32   0.6130673801   0.2960709309   0.09086168905
33   0.6130688454   0.2960765919   0.09085456269
34   0.6130712856   0.2960860196   0.09084269477
35   0.6130753488   0.2961017184   0.09082293276
36   0.6130821134   0.2961278562   0.09079003048
37   0.6130933723   0.2961713647   0.09073526306
38   0.6131121032   0.2962437616   0.09064413524
39   0.6131432426   0.2963641528   0.09049260457
40   0.6131949503   0.2965641472   0.09024090251
41   0.6132806563   0.2968957957   0.08982354804
42   0.6134223411   0.2974441217   0.08913353726
43   0.6136558226   0.2983459814   0.08799819601
44   0.6140399813   0.2998154529   0.08614456578
45   0.6146777081   0.3021669482   0.08315534372
46   0.6157871653   0.3057876774   0.07842515732
47   0.6180146832   0.3108447482   0.07114056856
48   0.6238665796   0.3158256616   0.06030775877
49   0.6436475958   0.3115065594   0.04484584481
50   0.7126308859   0.263006819    0.02436229277

 [2,*,*]
:           1               2               3          :=
1    4.262761027e-07   0.2745173988   0.7254821746
2    1.402538509e-06   0.4052610527   0.5947375447
3    4.039389569e-06   0.518351083    0.4816448776
4    1.078376563e-05   0.6030607181   0.3969284982
5    2.746782224e-05   0.6598302135   0.3401423186
6    6.800259062e-05   0.6950531744   0.304878823
7    0.0001655625503   0.7158291069   0.2840053305
8    0.0003992075389   0.7276263922   0.2719744003
9    0.0009571112234   0.7339569861   0.2650859027
10   0.00228605136     0.7367005934   0.2610133552
11   0.005441021413    0.736328459    0.2582305196
12   0.01288144253     0.7316460575   0.2554725
13   0.03016816137     0.7186939486   0.25113789
14   0.06898362122     0.688516232    0.2425001468
15   0.1497986834      0.6251654482   0.2250358684
16   0.1497986833      0.6251654484   0.2250358683
17   0.1497986833      0.6251654486   0.2250358681
18   0.1497986833      0.6251654489   0.2250358678
19   0.1497986833      0.6251654494   0.2250358672
20   0.1497986835      0.6251654503   0.2250358663
21   0.1497986835      0.6251654518   0.2250358646
22   0.1497986837      0.6251654548   0.2250358616
23   0.1497986838      0.6251654602   0.225035856
24   0.1497986841      0.6251654703   0.2250358457
25   0.1497986846      0.625165489    0.2250358264
26   0.1497986856      0.6251655235   0.2250357908
27   0.1497986875      0.6251655875   0.2250357249
28   0.1497986909      0.625165706    0.225035603
29   0.1497986973      0.6251659248   0.2250353779
30   0.149798709       0.6251663288   0.2250349621
31   0.149798731       0.6251670749   0.2250341941
32   0.1497987712      0.625168453    0.2250327757
33   0.1497988457      0.6251709984   0.225030156
34   0.1497989833      0.6251756996   0.2250253171
35   0.1497992373      0.6251843829   0.2250163798
36   0.1497997062      0.6252004205   0.2249998733
37   0.1498005723      0.625230039    0.2249693886
38   0.1498021718      0.6252847339   0.2249130943
39   0.1498051242      0.6253857162   0.2248091595
40   0.1498105714      0.6255720928   0.2246173358
41   0.1498206127      0.6259158512   0.2242635361
42   0.1498390957      0.6265491231   0.2236117811
43   0.1498730491      0.6277131239   0.2224138271
44   0.1499353548      0.6298437145   0.2202209307
45   0.1500506406      0.6337128787   0.2162364806
46   0.1502754477      0.6406323043   0.209092248
47   0.1508076343      0.6526195768   0.1965727889
48   0.1526918204      0.6718742858   0.1754338938
49   0.1622834605      0.6961115267   0.1416050127
50   0.2155267588      0.693274258    0.09119897916
;

var L [*,*] (tr)
:          1              2         :=
1      0              0
2    109.0216402     94.76324025
3    109.3169781     95.07773579
4    109.4363957     95.47172294
5    109.4914301     95.84157638
6    109.5177837     96.12643266
7    109.530268      96.3185764
8    109.5360878     96.4373626
9    109.5387714     96.50603344
10   109.5400014     96.54174061
11   109.5405633     96.55305483
12   109.5408197     96.53858652
13   109.5409366     96.48282284
14   109.5409898     96.34831407
15   109.5410141     96.07657308
16   109.5410251     25.68625844
17   109.5410302     25.68625845
18   109.5410325     25.68625843
19   109.5410335     25.68625844
20   109.541034      25.68625845
21   109.5410342     25.68625846
22   109.5410343     25.68625847
23   109.5410343     25.6862585
24   109.5410344     25.68625854
25   109.5410345     25.6862586
26     9.541047794   25.68625873
27     9.54104938    25.68625898
28     9.541052142   25.68625943
29     9.541056637   25.68626027
30     9.541064122   25.68626182
31     9.541076589   25.6862647
32     9.541097355   25.68626999
33     9.541131938   25.68627978
34     9.541189535   25.68629785
35     9.541285459   25.68633122
36     9.541445196   25.68639288
37     9.541711179   25.68650676
38     9.542154011   25.68671708
39     9.542891091   25.68710555
40     9.544117421   25.687823
41     9.546156323   25.68914793
42     9.549542299   25.6915943
43     9.555154605   25.69610995
44     9.564427969   25.70444019
45     9.579673355   25.71978878
46     9.604541174   25.74799454
47     9.644663557   25.79951063
48     9.708726212   25.89218321
49     9.812200668   26.05275594
50    10.0000556     26.31110372
;

var x [1,*,*]
:         1              2              3          :=
1    0.1231581918   0.4587113633   0.418130446
2    0.20086083     0.464808305    0.334330865
3    0.249474729    0.4392053836   0.3113198874
4    0.2755952213   0.4199410552   0.3044637235
5    0.2885523544   0.4095040117   0.3019436339
6    0.2947107676   0.4044126738   0.3008765586
7    0.2975742976   0.4020266777   0.3003990247
8    0.2988914871   0.400926571    0.3001819419
9    0.2994942613   0.4004227944   0.3000829443
10   0.2997694363   0.4001927696   0.3000377941
11   0.2998949163   0.4000878732   0.3000172105
12   0.2999521056   0.4000400647   0.3000078296
13   0.2999781642   0.4000182805   0.3000035552
14   0.2999900367   0.4000083555   0.3000016078
15   0.2999954456   0.4000038339   0.3000007205
16   0.2999979097   0.400001774    0.3000003163
17   0.2999990323   0.4000008355   0.3000001322
18   0.2999995437   0.400000408    0.3000000483
19   0.2999997767   0.4000002132   0.3000000101
20   0.2999998828   0.4000001245   0.2999999927
21   0.2999999312   0.4000000841   0.2999999847
22   0.2999999532   0.4000000657   0.2999999811
23   0.2999999632   0.4000000573   0.2999999795
24   0.2999999678   0.4000000535   0.2999999787
25   0.2999999704   0.4000000516   0.2999999781
26   0.3000001035   0.4000004372   0.2999994594
27   0.3000003278   0.4000010789   0.2999985933
28   0.3000007009   0.4000021489   0.2999971502
29   0.3000013223   0.4000039309   0.2999947468
30   0.3000023574   0.4000068988   0.2999907438
31   0.3000040811   0.4000118418   0.2999840772
32   0.300006952    0.4000200744   0.2999729736
33   0.3000117332   0.4000337851   0.2999544817
34   0.3000196958   0.4000566189   0.2999236853
35   0.3000329557   0.4000946441   0.2998724001
36   0.300055035    0.4001579613   0.2997870037
37   0.3000917937   0.4002633776   0.2996448287
38   0.3001529751   0.4004388418   0.2994081831
39   0.3002547617   0.4007307794   0.2990144589
40   0.3004239807   0.4012161707   0.2983598485
41   0.3007049779   0.4020222781   0.297272744
42   0.3011707299   0.4033584125   0.2954708576
43   0.3019405785   0.4055657675   0.292493654
44   0.3032084063   0.4091915895   0.2876000041
45   0.3052896641   0.4150865013   0.2796238345
46   0.3087187533   0.4244844889   0.2667967577
47   0.3145520172   0.4388587518   0.246589231
48   0.3256502626   0.4586641267   0.2156856107
49   0.3524769823   0.477314947    0.1702080706
50   0.4366988717   0.4570049695   0.1062961589

 [2,*,*]
:           1               2              3          :=
1    9.101108832e-08   0.1459608374   0.8540390686
2    3.208938169e-07   0.2338191629   0.7661805162
3    9.903179036e-07   0.3234437255   0.6765552842
4    2.801017792e-06   0.4013352089   0.5986619901
5    7.439633501e-06   0.459980889    0.5400116714
6    1.892702087e-05   0.4994572452   0.5005238278
7    4.685373969e-05   0.5240293613   0.4759237849
8    0.0001140904779   0.5385529173   0.4613329923
9    0.0002751410703   0.5468090257   0.4529158332
10   0.0006597240901   0.5512392877   0.4481009882
11   0.001575784114    0.5531518398   0.4452723761
12   0.0037502201      0.5528678399   0.44338194
13   0.008876167986    0.5495353326   0.4415884994
14   0.02077472516     0.5403618863   0.4388633886
15   0.04744345342     0.519102799    0.4334537476
16   0.0474434534      0.5191027992   0.4334537474
17   0.04744345341     0.5191027995   0.4334537471
18   0.04744345346     0.5191027999   0.4334537466
19   0.04744345348     0.5191028006   0.4334537459
20   0.04744345356     0.5191028019   0.4334537446
21   0.04744345364     0.5191028041   0.4334537423
22   0.04744345382     0.5191028083   0.4334537379
23   0.0474434541      0.5191028159   0.43345373
24   0.04744345466     0.5191028299   0.4334537154
25   0.04744345571     0.5191028561   0.4334536882
26   0.04744345764     0.5191029045   0.4334536378
27   0.04744346122     0.5191029942   0.4334535446
28   0.04744346782     0.5191031601   0.4334533721
29   0.04744348003     0.5191034664   0.4334530536
30   0.04744350254     0.5191040322   0.4334524653
31   0.04744354423     0.519105077    0.4334513788
32   0.04744362113     0.5191070069   0.433449372
33   0.04744376317     0.5191105713   0.4334456655
34   0.04744402561     0.519117155    0.4334388193
35   0.04744451026     0.5191293153   0.4334261744
36   0.04744540535     0.5191517753   0.4334028194
37   0.04744705858     0.519193257    0.4333596844
38   0.04745011178     0.5192698665   0.4332800217
39   0.04745574962     0.5194113349   0.4331329154
40   0.04746615783     0.5196725203   0.4328613219
41   0.04748536491     0.5201545526   0.4323600825
42   0.04752078319     0.5210435577   0.4314356591
43   0.04758601535     0.5226810474   0.4297329373
44   0.04770594345     0.5256900734   0.4266039832
45   0.04792611776     0.5311950951   0.4208787871
46   0.04833224937     0.5411831509   0.4104845998
47   0.04910871146     0.5590153423   0.3918759462
48   0.05082514975     0.5898134949   0.3593613553
49   0.05621844377     0.639017948    0.3047636083
50   0.08133924315     0.7004249661   0.2182357907
;

var : PC   PR    :=
1   30    0
2   40   30
;

var T [*,*] (tr)
:         1             2         :=
1    347.2630687   364.8314483
2    342.4555756   362.296709
3    340.1884524   359.9040222
4    339.1087552   357.9648981
5    338.5986089   356.5823754
6    338.3608649   355.6858525
7    338.2512111   355.1395035
8    338.2009432   354.8170892
9    338.177973    354.6252568
10   338.1674934   354.4983576
11   338.162716    354.3823586
12   338.1605389   354.2110765
13   338.159547    353.8666628
14   338.159095    353.109727
15   338.1588892   351.4851227
16   338.1587954   351.4851227
17   338.1587526   351.4851227
18   338.1587332   351.4851227
19   338.1587243   351.4851227
20   338.1587203   351.4851226
21   338.1587184   351.4851226
22   338.1587176   351.4851225
23   338.1587172   351.4851223
24   338.158717    351.485122
25   338.1587173   351.4851214
26   338.158706    351.4851203
27   338.1586873   351.4851183
28   338.1586563   351.4851146
29   338.1586048   351.4851077
30   338.158519    351.485095
31   338.1583761   351.4850715
32   338.1581382   351.4850281
33   338.1577419   351.4849481
34   338.1570819   351.4848001
35   338.1559829   351.4845269
36   338.1541529   351.4840222
37   338.1511066   351.4830901
38   338.146037    351.4813688
39   338.1376048   351.4781905
40   338.1235917   351.4723236
41   338.1003379   351.4614992
42   338.0618403   351.441547
43   337.9983457   351.4048332
44   337.8942289   351.3374872
45   337.7248928   351.2146306
46   337.4519854   350.9925784
47   337.0128906   350.5966595
48   336.2820588   349.8989087
49   334.9046736   348.6373275
50   331.7265811   345.967565
;

var TF = 338.1587438;

var : QC            QR         :=
1   377.916206    401.8774267
2   656.5166032   683.7198369
;

