
var V [*,*] (tr)
:         1             2         :=
1    59.87772956   34.15166207
2    60.39800419   34.35521345
3    60.63151659   34.50062804
4    60.72625184   34.58852681
5    60.76309468   34.63705112
6    60.77712701   34.66258546
7    60.78232026   34.67569375
8    60.78402575   34.68233885
9    60.78419677   34.68568623
10   60.78341344   34.68736674
11   60.7816068    34.68820934
12   60.77823851   34.68863093
13   60.77220263   34.68884173
14   60.76150736   34.68894661
15   60.7427038    34.68899774
16   60.71001666   34.68950798
17   60.65428528   34.69063363
18   60.56241358   34.69311805
19   60.41950673   34.6986061
20   60.21799342   34.71073988
21   59.97657005   34.73752293
22   59.75675999   34.79577996
23   59.64260366   34.9158512
24   59.67534536   35.1527767
25   59.81929498   35.63436017
26   59.81929498   36.04585488
27   59.81929497   36.49901841
28   59.81929497   36.88098788
29   59.81929498   37.12234128
30   59.81929498   37.24919947
31   59.81929498   37.30961959
32   59.81929499   37.33705079
33   59.81929501   37.3492329
34   59.81929506   37.35458965
35   59.81929518   39.67666175
36   59.81929549   39.71675832
37   59.81929633   39.74890518
38   59.81929854   39.77402598
39   59.81930443   39.7932668
40   59.81932007   39.80778506
41   59.81936164   39.81863467
42   59.81947214   39.82673232
43   59.81976585   39.83289541
44   59.82054665   39.83797377
45   59.82262224   39.84317495
46   59.82814486   39.85087037
47   59.84288104   39.86664607
48   59.88276052   39.90455511
49   59.99999948   40.00000611
50    0             0
;

var y [1,*,*]
:           1               2               3          :=
1    1.25751318e-06    0.6611748673   0.3388238706
2    2.888741571e-06   0.7530060174   0.2469910942
3    5.764164866e-06   0.7906920629   0.2093021729
4    1.085715758e-05   0.8054308042   0.1945583385
5    1.991002346e-05   0.8110819454   0.1888981445
6    3.602743778e-05   0.8132244702   0.1867395023
7    6.47408031e-05    0.8140194124   0.1859158467
8    0.0001159049758   0.8142870098   0.1855970852
9    0.0002070755681   0.8143277095   0.1854652149
10   0.0003695162952   0.8142347692   0.1853957144
11   0.000658867173    0.8140064736   0.1853346592
12   0.001174035737    0.8135762261   0.1852497382
13   0.002090477742    0.8128018439   0.1851076784
14   0.00371828581     0.811422966    0.1848587482
15   0.006601876574    0.8089790874   0.184419036
16   0.01168577158     0.8046700379   0.1836441906
17   0.02057406966     0.7971365442   0.1822893861
18   0.03588803784     0.7841576671   0.179954295
19   0.06161847174     0.7623532625   0.1760282658
20   0.1030728141      0.7272312883   0.1696958976
21   0.1655217727      0.6743390283   0.160139199
22   0.2506184507      0.6023004851   0.1470810642
23   0.3518491206      0.5166625826   0.1314882968
24   0.4542837761      0.4300809114   0.1156353124
25   0.5420845721      0.3559403216   0.1019751061
26   0.5420845722      0.3559403216   0.1019751061
27   0.5420845722      0.3559403217   0.1019751061
28   0.5420845722      0.3559403217   0.1019751061
29   0.5420845722      0.3559403217   0.1019751061
30   0.5420845723      0.3559403218   0.101975106
31   0.5420845723      0.3559403219   0.1019751058
32   0.5420845724      0.3559403224   0.1019751052
33   0.5420845726      0.3559403237   0.1019751037
34   0.5420845733      0.355940327    0.1019750997
35   0.542084575       0.355940336    0.1019750891
36   0.5420845795      0.3559403598   0.1019750607
37   0.5420845915      0.3559404232   0.1019749854
38   0.5420846234      0.3559405916   0.101974785
39   0.5420847083      0.3559410392   0.1019742525
40   0.542084934       0.355942229    0.101972837
41   0.5420855339      0.3559453916   0.1019690746
42   0.5420871294      0.3559537967   0.1019590739
43   0.5420913785      0.3559761281   0.1019324933
44   0.5421027471      0.3560353999   0.1018618531
45   0.542133633       0.3561922087   0.1016741584
46   0.5422217469      0.3566026828   0.1011755703
47   0.5425097469      0.3576393796   0.09985087349
48   0.5437493247      0.3599294129   0.09632126244
49   0.551067031       0.362110712    0.08682225707
50   0.5999996575      0.3385737876   0.06142654282

 [2,*,*]
:           1                2                3           :=
1    -7.291287857e-09   0.4007522691   0.5992477392
2    -1.412776491e-08   0.5156803962   0.4843196181
3    -2.093813763e-08   0.583878445    0.4161215757
4    -2.768384843e-08   0.6212830841   0.3787169429
5    -3.428867252e-08   0.6409165256   0.3590835081
6    -4.06515448e-08    0.6509847642   0.349015276
7    -4.649366846e-08   0.6560862624   0.3439137837
8    -5.124054415e-08   0.6586554376   0.3413446119
9    -5.370298758e-08   0.6599453312   0.3400547182
10   -5.146603206e-08   0.660591943    0.3394081066
11   -3.976538406e-08   0.6609158217   0.3390842125
12   -9.089389399e-09   0.661077977    0.338922031
13    5.935825054e-08   0.6611591145   0.3388408253
14    2.028062364e-07   0.6611996504   0.3388001455
15    4.950240804e-07   0.6612197826   0.3387797209
16    4.928458185e-07   0.6614156055   0.3385838986
17    5.006682395e-07   0.6618469226   0.3381525723
18    5.910715899e-07   0.6627956934   0.3372037115
19    1.394129185e-06   0.664876551    0.3351220533
20    8.350700754e-06   0.669409562    0.3305820873
21    6.799148236e-05   0.6791286215   0.320803387
22    0.0005699657969   0.699161715    0.3002683192
23    0.004629966259    0.7361854758   0.2591845579
24    0.03463190289     0.7814791343   0.1838889628
25    0.2082997491      0.7213777162   0.07032254216
26    0.4116179854      0.5559934022   0.03238861246
27    0.5874922799      0.3926117931   0.01989592701
28    0.7031831889      0.281655984    0.01516082706
29    0.7658458437      0.2210399773   0.01311417893
30    0.7961856238      0.1916211917   0.01219318452
31    0.8100688429      0.178150732    0.01178042507
32    0.8162562648      0.1721462971   0.01159743812
33    0.8189812792      0.1695017831   0.01151693771
34    0.8201751103      0.1683432153   0.01148167441
35    0.8206969211      0.1678368187   0.01146626023
36    0.8218005147      0.1694906745   0.008708810838
37    0.8226727895      0.1708028414   0.006524369076
38    0.8233470564      0.1718194815   0.004833462171
39    0.8238598418      0.1725921511   0.003548007089
40    0.8242464111      0.1731694059   0.00258418303
41    0.8245396342      0.173591382    0.001868983825
42    0.824772727       0.1738849268   0.001342346176
43    0.8249885404      0.17405474     0.000956719556
44    0.8252637218      0.1740608377   0.0006754405417
45    0.8257701901      0.1737590671   0.0004707427797
46    0.8269312249      0.1727469368   0.0003218383918
47    0.8298102667      0.1699764647   0.0002132686742
48    0.8370200758      0.1628462978   0.0001336264063
49    0.8544790513      0.1454461488   7.480347797e-05
50    0.8928782955      0.1070896756   3.204549586e-05
;

var L [*,*] (tr)
:          1              2          :=
1      0              0
2    109.8777299     64.15166104
3    110.3980049     64.35521249
4    110.6315173     64.50062718
5    110.7262526     64.58852605
6    110.7630954     64.63705047
7    110.7771277     64.66258493
8    110.782321      64.67569334
9    110.7840265     64.68233851
10   110.7841975     64.68568596
11   110.7834142     64.68736667
12   110.7816075     64.6882093
13   110.7782392     64.68863117
14   110.7722034     64.6888421
15   110.7615081     64.68894709
16   110.7427045     14.68899773
17   110.7100174     14.68950802
18   110.654286      14.69063372
19   110.5624143     14.69311823
20   110.4195074     14.69860641
21   110.2179941     14.71074025
22   109.9765708     14.73752331
23   109.7567607     14.79578033
24   109.6426044     14.91585158
25   109.675346      15.15277766
26     9.819295668   55.63435929
27     9.819295667   56.04585374
28     9.819295666   56.49901726
29     9.819295666   56.88098674
30     9.819295666   57.12234014
31     9.819295667   57.24919833
32     9.819295669   57.30961846
33     9.819295674   57.33704965
34     9.819295691   57.34923176
35     9.819295735   57.35458852
36     9.819295852    9.676661221
37     9.819296165    9.716757796
38     9.819296997    9.748904658
39     9.81929921     9.774025461
40     9.819305094    9.793266274
41     9.819320732    9.80778454
42     9.819362301    9.818634156
43     9.819472796    9.82673181
44     9.819766507    9.832894895
45     9.820547253    9.837973263
46     9.822622873    9.84317444
47     9.828145476    9.850869866
48     9.842881646    9.866645563
49     9.882761129    9.904554646
50    10.00000001    10.00000561
;

var x [1,*,*]
:           1               2              3          :=
1    3.392899894e-07   0.4614262131   0.5385734589
2    8.403555246e-07   0.5702789873   0.4297201723
3    1.735190818e-06   0.6209475553   0.3790507096
4    3.313763329e-06   0.6418801018   0.3581165845
5    6.109191844e-06   0.6500906772   0.3499032137
6    1.107713371e-05   0.653242485    0.3467464379
7    1.992101163e-05   0.6544379607   0.3455421184
8    3.567579493e-05   0.6548815607   0.3450827635
9    6.374857276e-05   0.6550308336   0.3449054178
10   0.0001137714173   0.6550534102   0.3448328183
11   0.0002028969323   0.6550012906   0.3447958124
12   0.0003616499095   0.6548734368   0.3447649133
13   0.0006442869738   0.6546325438   0.3447231691
14   0.001147039465    0.6541990391   0.3446539214
15   0.002039930712    0.6534272999   0.3445327694
16   0.003621303866    0.6520599984   0.3443186978
17   0.006408277717    0.6496507159   0.3439410064
18   0.01127767107     0.645443214    0.3432791149
19   0.01965842871     0.6382077674   0.3421338039
20   0.03371664031     0.6260879107   0.340195449
21   0.05631435447     0.606649759    0.3370358866
22   0.09026872974     0.5775398539   0.3321914164
23   0.1364486676      0.5381248116   0.3254265209
24   0.1913965371      0.4914732972   0.3171301657
25   0.2471800578      0.4443709486   0.3084489938
26   0.2471800578      0.4443709486   0.3084489937
27   0.2471800578      0.4443709485   0.3084489937
28   0.2471800578      0.4443709485   0.3084489937
29   0.2471800578      0.4443709486   0.3084489936
30   0.2471800578      0.4443709487   0.3084489934
31   0.2471800579      0.4443709491   0.308448993
32   0.2471800582      0.4443709501   0.3084489916
33   0.2471800589      0.444370953    0.3084489881
34   0.2471800609      0.4443709606   0.3084489785
35   0.2471800661      0.4443709807   0.3084489532
36   0.24718008        0.4443710343   0.3084488857
37   0.247180117       0.4443711766   0.3084487064
38   0.2471802152      0.4443715551   0.3084482298
39   0.2471804762      0.444372561    0.3084469628
40   0.24718117        0.444375235    0.3084435949
41   0.2471830144      0.4443823426   0.3084346429
42   0.2471879176      0.4444012344   0.308410848
43   0.2472009558      0.4444514427   0.3083476015
44   0.2472356608      0.4445848336   0.3081795056
45   0.2473283507      0.4449388367   0.3077328126
46   0.2475787475      0.4458750609   0.3065461917
47   0.24828065        0.4483233995   0.3033959505
48   0.2504717075      0.4544890033   0.2950392892
49   0.259161148       0.4679742226   0.2728646293
50   0.3064038697      0.4797953147   0.2138008237

 [2,*,*]
:           1                2                3           :=
1    -6.679329797e-10   0.2305328992   0.7694670634
2    -2.944392679e-09   0.3211505783   0.6788494246
3    -5.097951199e-09   0.382755275    0.61724473
4    -7.124109382e-09   0.4195332853   0.5804667217
5    -9.046977943e-09   0.4397879209   0.560212088
6    -1.08435996e-08    0.4504451428   0.5495548678
7    -1.246700869e-08   0.4559174679   0.5440825443
8    -1.376955085e-08   0.4586921569   0.5413078567
9    -1.444172638e-08   0.4600900141   0.5399100001
10   -1.384241977e-08   0.4607919543   0.5392080587
11   -1.067396979e-08   0.4611438599   0.5388561501
12   -2.382703797e-09   0.4613201333   0.5386798679
13    1.612588063e-08   0.4614083864   0.5385915966
14    5.491186369e-08   0.4614525454   0.538547399
15    1.338971434e-07   0.4614746054   0.53852526
16    1.334566464e-07   0.4616875824   0.5383122841
17    1.356370205e-07   0.4621569503   0.5378429137
18    1.602773011e-07   0.4631907341   0.5368091053
19    3.7875426e-07     0.4654645416   0.5345350792
20    2.278187156e-06   0.4704504402   0.5295472816
21    1.869236995e-05   0.4813066756   0.518674632
22    0.0001592517748   0.5045571237   0.4952836245
23    0.00133940392     0.5523570447   0.4463035514
24    0.01083708392     0.6402060779   0.3489568382
25    0.08034122188     0.7467830698   0.1728756702
26    0.1911815363      0.7085878756   0.1002305881
27    0.3220712142      0.6023149678   0.07561381793
28    0.4364062727      0.4963970264   0.06719670087
29    0.5124335273      0.4237575931   0.06380887962
30    0.5539623324      0.3837643998   0.06227326777
31    0.5741724264      0.3642624823   0.06156509126
32    0.5834447214      0.3553109529   0.06124432565
33    0.5875823018      0.3513161955   0.0611015027
34    0.5894055682      0.3495558713   0.06103856041
35    0.5902045427      0.3487844888   0.06101096853
36    0.5969171732      0.3561677249   0.04691510189
37    0.6023514923      0.3621506224   0.03549788535
38    0.6066316211      0.3668653864   0.02650299249
39    0.6099307156      0.3704985486   0.01957073577
40    0.6124336306      0.3732478153   0.01431855411
41    0.6143156056      0.3752937477   0.01039064669
42    0.615736721       0.3767816878   0.007481591196
43    0.6168534846      0.3778039572   0.005342558149
44    0.6178580612      0.3783640548   0.003777883968
45    0.6190793036      0.3782832822   0.002637414194
46    0.6212383333      0.3769538641   0.001807802604
47    0.626094981       0.372700641    0.001204378012
48    0.6380490003      0.3611867137   0.0007642860127
49    0.6678306208      0.33172807     0.0004413056439
50    0.739281426       0.260515511    0.0002030772816
;

var : PC   PR    :=
1    0    0
2   30   30
;

var T [*,*] (tr)
:         1             2         :=
1    356.5497279   362.3880295
2    354.1460018   359.9631021
3    353.0912497   358.4165981
4    352.6664518   357.5294293
5    352.5013693   357.0517682
6    352.4379526   356.8034655
7    352.4134018   356.6767633
8    352.4033409   356.6127252
9    352.3982107   356.5805156
10   352.3939262   356.5643545
11   352.3881355   356.5562554
12   352.3785215   356.5521988
13   352.3616762   356.5501668
14   352.3318319   356.5491474
15   352.2789284   356.548633
16   352.1854414   356.5437339
17   352.0212901   356.5329395
18   351.7363189   356.5091771
19   351.2512359   356.4569641
20   350.4524886   356.3426701
21   349.206379    356.094259
22   347.4168027   355.5602043
23   345.1297086   354.4186987
24   342.6064506   351.8720228
25   340.2397334   345.2969195
26   340.2397334   339.6935893
27   340.2397334   334.873928
28   340.2397334   331.3728291
29   340.2397334   329.2916653
30   340.2397334   328.2230496
31   340.2397334   327.7187404
32   340.2397334   327.4906426
33   340.2397333   327.3895072
34   340.2397331   327.3450663
35   340.2397325   327.3256159
36   340.2397311   327.0561758
37   340.2397273   326.8402074
38   340.2397173   326.6714556
39   340.2396906   326.5422015
40   340.2396196   326.4446602
41   340.239431    326.3717389
42   340.2389295   326.3172457
43   340.2375964   326.2755997
44   340.2340517   326.2408589
45   340.2246164   326.2043182
46   340.1994068   326.1485932
47   340.1311635   326.0329508
48   339.9383661   325.7581141
49   339.3254199   325.0915329
50   336.916067    323.5643496
;

var TF = 338.1587438;

var : QC            QR         :=
1   570.1991149   616.1275198
2   369.0801661   358.6537594
;

