var V [*,*] (tr)
:         1             2         :=
1    145.8295424   76.33454652
2    147.0514697   77.43898327
3    150.8726661   77.68975379
4    153.6175102   77.81382121
5    154.269715    77.90809668
6    153.4112326   77.97801445
7    151.9223111   78.02605459
8    150.6792231   78.05733342
9    150.6792452   78.07703693
10   150.6793829   78.0892057
11   150.6802402   94.88215755
12   150.6855717   95.05142025
13   150.7186044   95.29232479
14   150.9231999   95.64459928
15     0            0
;

var y [1,*,*]
:          1               2               3          :=
1    0.006048883644   0.3760515963   0.61789952
2    0.01610892031    0.5842234756   0.3996676041
3    0.03438172523    0.7171865304   0.2484317444
4    0.06471697971    0.7663520675   0.1689309528
5    0.113039489      0.7553275756   0.1316329354
6    0.1861525257     0.7011132706   0.1127342037
7    0.2877116254     0.6122452432   0.1000431314
8    0.4122553775     0.499049929    0.08869469352
9    0.4122554016     0.4990501479   0.0886944506
10   0.4122555532     0.49905151     0.08869293674
11   0.41225654       0.4990599592   0.08868350072
12   0.4122636187     0.4991117343   0.088624647
13   0.4123284396     0.4994145748   0.08825698566
14   0.4131896009     0.5008523296   0.08595806951
15   0.4279372321     0.500040368    0.07202239993

 [2,*,*]
:         1              2               3          :=
1    0.2848527002   0.6713910795   0.04375622025
2    0.3868675934   0.5905668203   0.02256558626
3    0.4616578371   0.5200198501   0.01832231281
4    0.5133580457   0.4696468228   0.01699513154
5    0.5473614823   0.4363034678   0.01633504994
6    0.5689669461   0.4150914446   0.01594160932
7    0.5823925713   0.4019077989   0.0156996298
8    0.5906201095   0.3938285703   0.0155513202
9    0.5956193263   0.3889196013   0.01546107243
10   0.5986412476   0.3859522978   0.01540645461
11   0.6004622214   0.384164262    0.01537351665
12   0.6007677989   0.3854410056   0.01379119554
13   0.6017769146   0.3866186362   0.01160444912
14   0.6069347677   0.3843722433   0.00869298903
15   0.6366180298   0.358409039    0.00497293113
;

var L [*,*] (tr)
:         1              2          :=
1      0              0
2    205.8295424    136.3345465
3    207.0514697    137.4389833
4    210.8726661    137.6897538
5    213.6175102    137.8138212
6    214.269715     137.9080967
7    213.4112326    137.9780144
8    211.9223111    138.0260546
9     10.67922312   138.0573334
10    10.67924521   138.0770369
11    10.67938288   138.0892057
12    10.68024018    14.88215755
13    10.68557169    15.05142025
14    10.71860439    15.29232479
15    10.92319992    15.64459928
;

var x [1,*,*]
:          1               2              3          :=
1    0.001479791816   0.1665724747   0.8319477335
2    0.004716978096   0.3149877318   0.6802952901
3    0.01186964729    0.4631953076   0.5249350451
4    0.02502007566    0.5605192679   0.4144606565
5    0.04695518073    0.5978884638   0.3551563555
6    0.08180044139    0.5904638381   0.3277357205
7    0.1342322781     0.5508285486   0.3149391733
8    0.2066729187     0.4860652012   0.3072618801
9    0.2066730412     0.4860657013   0.3072612575
10   0.2066738058     0.4860688165   0.3072573777
11   0.2066785959     0.4860882034   0.3072332007
12   0.2067090199     0.4862084481   0.307082532
13   0.2069113979     0.4869449812   0.3061436209
14   0.2084557271     0.4912408382   0.3003034347
15   0.2241727945     0.511259045    0.2645681606

 [2,*,*]
:         1              2               3          :=
1    0.1496961684   0.6888821399   0.1614216917
2    0.2253711379   0.6790887878   0.09554007428
3    0.2833286625   0.6334870963   0.08318424115
4    0.3257167122   0.5936036647   0.08067962312
5    0.3550305836   0.5650952971   0.07987411932
6    0.3743482993   0.5461934645   0.07945823622
7    0.3866462574   0.5341498451   0.07920389751
8    0.3942992131   0.5266556988   0.07904508809
9    0.3989936614   0.5220594562   0.07894688235
10   0.4018478633   0.5192653324   0.07888680434
11   0.4035738302   0.517575841    0.07885032882
12   0.4061043385   0.5226131331   0.07128252841
13   0.4102197738   0.5291189707   0.06066125554
14   0.4195097221   0.5341938345   0.04629644345
15   0.4551468725   0.5171373123   0.02771581518
;

var :   PC   PR    :=
1    0   60
2   80   60
;

var T [*,*] (tr)
:         1             2         :=
1    463.6087283   424.7490129
2    453.8165408   420.0383533
3    445.2130948   417.6991472
4    439.4944848   416.2209018
5    435.9473253   415.2480466
6    433.2105529   414.6208725
7    430.3373178   414.2263475
8    426.9433181   413.9825638
9    426.9432931   413.833659
10   426.9431371   413.7433591
11   426.9421642   413.6888388
12   426.9360779   413.4383351
13   426.897635    413.0722748
14   426.6474322   412.4702282
15   424.8969457   411.0108058
;

var TF = 422.9689772;

var :       QC             QR         :=
1   1324.872984   1622.472867
2    825.214393    726.5925376
;

