var V [*,*] (tr)
:         1             2         :=
1    64.41095796   96.34874178
2    65.47550938   96.42236381
3    65.57991899   97.30499814
4    65.56796233   97.40603739
5    65.55539016   96.73787984
6    65.54912595   96.73790126
7    65.5463592    96.73797665
8    65.54525628   96.73824201
9    65.54532336   96.73917606
10   65.54564304   96.74246364
11   65.54716644   96.75403364
12   65.55442344   96.79474569
13   65.58900268   96.93813149
14   65.75598498   97.45055139
15    0             0
;

var y [1,*,*]
:         1              2               3          :=
1    0.4005378163   0.4678071408   0.1316550429
2    0.4862768631   0.4257158532   0.08800728367
3    0.5224361434   0.3973946565   0.08016920017
4    0.5379000959   0.3838390644   0.07826083969
5    0.5444990864   0.3778670944   0.07763381914
6    0.5473068808   0.3753021985   0.07739092076
7    0.5484994744   0.3742097575   0.0772907681
8    0.5490055737   0.3737457826   0.0772486437
9    0.5490058247   0.3737469967   0.07724717854
10   0.5490070357   0.3737527703   0.07724019395
11   0.5490130364   0.373780072    0.07720689161
12   0.5490452414   0.3739067183   0.07704804032
13   0.5492553539   0.3744544147   0.07629023142
14   0.5511285424   0.376173324    0.07269813353
15   0.5720339858   0.3713050234   0.05666099079

 [2,*,*]
:          1              2               3          :=
1    0.02584103187   0.3938132948   0.5803456733
2    0.06111111441   0.560254596    0.3786342896
3    0.1147258928    0.6319682201   0.2533058872
4    0.1885163548    0.6231609612   0.188322684
5    0.282010099     0.5634283127   0.1545615883
6    0.282010145     0.563428845    0.15456101
7    0.282010307     0.5634307186   0.1545589744
8    0.2820108778    0.5634373129   0.1545518094
9    0.2820128947    0.5634605147   0.1545265906
10   0.2820200861    0.5635420692   0.1544378446
11   0.282046501     0.5638277472   0.1541257519
12   0.2821526187    0.5648165544   0.1530308269
13   0.2826812708    0.5680966462   0.149222083
14   0.2862999742    0.5773255989   0.1363744269
15   0.3160858305    0.5862440432   0.09767012625
;

var L [*,*] (tr)
:          1              2          :=
1      0               0
2    204.410958      156.3487418
3    205.4755094     156.4223638
4    205.579919      157.3049981
5    205.5679623     157.4060374
6    205.5553902      16.73787984
7    205.5491259      16.73790126
8    205.5463592      16.73797665
9      5.545256282    16.73824201
10     5.545323356    16.73917606
11     5.545643042    16.74246364
12     5.547166437    16.75403364
13     5.554423435    16.79474569
14     5.589002685    16.93813149
15     5.75598498     17.45055139
;

var x [1,*,*]
:         1              2              3          :=
1    0.1834140061   0.4122978471   0.4042881468
2    0.25183085     0.4297891148   0.3183800352
3    0.2799223437   0.416573543    0.3035041133
4    0.2915619439   0.4075437347   0.3008943213
5    0.296480898    0.4032206331   0.3002984689
6    0.2985706717   0.4013172476   0.3001120808
7    0.2994585758   0.400500023    0.3000414012
8    0.299835544    0.4001519954   0.3000124607
9    0.2998367966   0.4001549415   0.3000082619
10   0.2998427778   0.400168974    0.2999882482
11   0.299871455    0.4002356924   0.2998928526
12   0.3000107815   0.4005510262   0.2994381923
13   0.3007161982   0.4020107529   0.2972730489
14   0.3047183616   0.4082642919   0.2870173466
15   0.3332116119   0.4269201658   0.2398682223

 [2,*,*]
:          1               2              3          :=
1    0.006518240138   0.1803695857   0.8131121742
2    0.0184257659     0.3119026737   0.6696715604
3    0.04017055082    0.4145394945   0.5452899547
4    0.07345282938    0.4597173801   0.4668297905
5    0.119142352      0.4543778384   0.4264798096
6    0.1191424867     0.4543787521   0.4264787612
7    0.119142961      0.4543819681   0.4264750709
8    0.1191446308     0.4543932879   0.4264620813
9    0.1191505117     0.4544331278   0.4264163604
10   0.1191712555     0.4545732989   0.4262554456
11   0.1192447856     0.4550659239   0.4256892904
12   0.1195097397     0.4567906168   0.4236996435
13   0.1205153424     0.4627489713   0.4167356863
14   0.1249091589     0.4823851992   0.3927056419
15   0.1497502196     0.5364400402   0.3138097403
;

var :   PC   PR    :=
1   60    0
2   80   60
;

var T [*,*] (tr)
:         1             2         :=
1    431.2287316   461.9110119
2    425.4285651   452.262539
3    423.8543505   444.4907174
4    423.3220278   439.1059772
5    423.1136949   435.1203544
6    423.0274106   435.1203072
7    422.9910456   435.120141
8    422.975646    435.1195562
9    422.9754754   435.1174975
10   422.9746617   435.1102504
11   422.9707769   435.0847353
12   422.952165    434.9948618
13   422.8620358   434.6779047
14   422.4126306   433.5572626
15   420.0422686   429.6080029
;

var TF = 422.9689772;

var :       QC             QR         :=
1   572.9169281    672.5884027
2   889.0422235   1083.415504
;

