var V [*] :=
 1  116.8091271
 2  119.9012235
 3  120.4950417
 4  120.0546961
 5  119.458095
 6  118.984969
 7  118.6713709
 8  118.4832314
 9  118.4912733
10  118.5124642
11  118.5682477
12  118.7146683
13  119.0960483
14  120.0776859
15    0
;

var y [*,*]
:         1              2               3          :=
1    0.1010671891   0.6306193745   0.2683134364
2    0.1720519949   0.6754560819   0.1524919232
3    0.2446332652   0.6418500122   0.1135167226
4    0.3160768954   0.5850602701   0.0988628345
5    0.3821411043   0.526493683    0.09136521264
6    0.4391453939   0.4745621835   0.08629242268
7    0.485297807    0.4322365122   0.08246568087
8    0.5207387597   0.3996979801   0.07956326014
9    0.5207540955   0.3997828399   0.07946306456
10   0.5207948676   0.4000055981   0.07919953424
11   0.5209060568   0.400584962    0.07850898121
12   0.5212361978   0.4020474277   0.07671637448
13   0.52245277     0.4053770311   0.07217019895
14   0.5286094873   0.4101121403   0.06127837243
15   0.5653677175   0.3960359511   0.03859633148
;

var L [*] :=
 1    0
 2  216.8091271
 3  219.9012235
 4  220.4950417
 5  220.0546961
 6  219.458095
 7  218.984969
 8  218.6713709
 9   18.48323139
10   18.49127333
11   18.51246423
12   18.56824775
13   18.71466827
14   19.09604826
15   20.0776859
;

var x [*,*]
:          1              2              3          :=
1    0.03463228253   0.4039640489   0.5614036685
2    0.07042507202   0.5260779613   0.4034969667
3    0.1095604316    0.5519951804   0.338444388
4    0.1493925827    0.5339627956   0.3166446217
5    0.1881793236    0.5027642663   0.3090564101
6    0.223792504     0.4706608672   0.3055466289
7    0.2544235323    0.4423233797   0.3032530881
8    0.2792052021    0.4193073102   0.3014874877
9    0.2792822915    0.4195106903   0.3012070182
10   0.279485573     0.4200458515   0.3004685754
11   0.2800227624    0.4214487029   0.2985285347
12   0.2814561029    0.4250838323   0.2934600648
13   0.2854237379    0.4341691652   0.2804070969
14   0.2977206843    0.45429333     0.2479859857
15   0.3455294733    0.4802207637   0.174249763
;

var PC = 100;
var PR = 100;

var T [*] :=
 1  445.5954259
 2  436.6687281
 3  432.2946497
 4  429.7201501
 5  427.782515
 6  426.1773914
 7  424.8600331
 8  423.8226074
 9  423.8112476
10  423.7813415
11  423.7027546
12  423.4969925
13  422.9612117
14  421.5691746
15  417.8857812
;

var TF = 422.9689772;
var QC = 1063.048445;
var QR = 1255.296827;

