var Vs [*] :=
1  70.32818547
2  49.3121136
;

var y [1,*,*]
:           1               2              3          :=
1    5.571950911e-06   0.4801601586   0.5198342813
2    1.656027828e-05   0.6266502733   0.37333318
3    4.258948652e-05   0.7173078267   0.2826495929
4    0.0001023533085   0.7665269377   0.2333707175
5    0.0002380829482   0.7912991138   0.208462812
6    0.0005451791958   0.8031458077   0.1963090194
7    0.001238766913    0.8083366903   0.1904245486
8    0.002802315997    0.8097373599   0.1874603263
9    0.006314865819    0.8080223642   0.1856627749
10   0.01414732487     0.8019260082   0.1839266707
11   0.03132836648     0.7875055128   0.181166123
12   0.06769873399     0.7565078919   0.1757933752
13   0.1392092637      0.6953597022   0.1654310348
14   0.261397527       0.5907986699   0.1478038033
15   0.4274260261      0.4486951515   0.1238788239
16   0.4274260262      0.4486951514   0.1238788239
17   0.4274260262      0.4486951513   0.1238788239
18   0.4274260262      0.4486951513   0.1238788239
19   0.4274260262      0.4486951513   0.1238788239
20   0.4274260262      0.4486951513   0.1238788239
21   0.4274260262      0.4486951513   0.1238788239
22   0.4274260262      0.4486951513   0.1238788239
23   0.4274260262      0.4486951513   0.1238788239
24   0.4274260262      0.4486951513   0.1238788239
25   0.4274260262      0.4486951513   0.1238788239
26   0.4274260262      0.4486951513   0.1238788239
27   0.4274260263      0.4486951518   0.1238788232
28   0.4274260463      0.4486952027   0.1238787524
29   0.4274301124      0.4486987866   0.1238711024
30   0.428570881       0.4484549003   0.1229742154

 [2,*,*]
:          1               2               3          :=
1    0.00360071062    0.8576879803   0.1387113093
2    0.007768506113   0.9007599527   0.0914715419
3    0.01492499026    0.9095958813   0.07547912866
4    0.02713823854    0.903065179    0.06979658242
5    0.0476068586     0.8852681121   0.06712502934
6    0.08077249827    0.8543290532   0.06489844855
7    0.1316146705     0.8062792201   0.06210610952
8    0.2032638348     0.7383909154   0.05834525
9    0.2931053092     0.6532194967   0.05367519431
10   0.3906074013     0.5607745711   0.04861802784
11   0.4811523804     0.4749234214   0.04392419848
12   0.5538504858     0.4059934454   0.04015606908
13   0.6056995232     0.3568317724   0.0374687046
14   0.6396353849     0.3246548046   0.03570981067
15   0.6606154102     0.304762168    0.03462242188
16   0.6731316381     0.2928946511   0.03397371088
17   0.6804403372     0.2859647584   0.03359490445
18   0.6846548909     0.281968643    0.03337646618
19   0.6870676233     0.2796809614   0.03325141525
20   0.6884431165     0.27837676     0.03318012303
21   0.6885000445     0.2784697351   0.03303021996
22   0.6885886523     0.2786141462   0.03279720106
23   0.6887267535     0.2788377521   0.03243549392
24   0.6889433679     0.2791814163   0.03187521535
25   0.6892908893     0.2796991269   0.03100998344
26   0.689887884      0.2804329829   0.02967913267
27   0.6911000822     0.2812592081   0.02764070933
28   0.6943526094     0.2811230872   0.02452430297
29   0.7056926165     0.2745694579   0.0197379251
30   0.7491166089     0.2384847128   0.01239868049
;

var Ls [*] :=
1  100.3281858
2   79.31211349
;

var x [1,*,*]
:           1               2              3          :=
1    1.274354321e-06   0.2869385657   0.7130601639
2    4.287070224e-06   0.4223832951   0.5776124244
3    1.198983335e-05   0.5250701305   0.4749178873
4    3.023598731e-05   0.5886193836   0.4113503853
5    7.2129437e-05     0.6231210612   0.3768068137
6    0.0001672735396   0.6404858944   0.3593468369
7    0.0003825423872   0.6487902056   0.3508272552
8    0.0008687345236   0.6524289173   0.346702351
9    0.001964753398    0.6534107604   0.3446244865
10   0.004426985287    0.6522085805   0.3433644365
11   0.009917392957    0.6479351487   0.3421474599
12   0.02196098245     0.6378266506   0.3402123676
13   0.04745593118     0.6160978971   0.3364461715
14   0.09758347755     0.5732341574   0.3291823646
15   0.1832351694      0.4999388256   0.3168260041
16   0.1832351596      0.4999387559   0.3168260845
17   0.1832351596      0.4999387559   0.3168260845
18   0.1832351596      0.4999387559   0.3168260845
19   0.1832351596      0.4999387559   0.3168260845
20   0.1832351596      0.4999387559   0.3168260845
21   0.1832351596      0.4999387559   0.3168260845
22   0.1832351596      0.4999387559   0.3168260845
23   0.1832351596      0.4999387559   0.3168260845
24   0.1832351596      0.4999387559   0.3168260845
25   0.1832351596      0.4999387559   0.3168260845
26   0.1832351596      0.4999387559   0.3168260845
27   0.1832351598      0.499938757    0.3168260831
28   0.1832351896      0.4999388717   0.3168259387
29   0.1832394668      0.4999497787   0.3168107545
30   0.1841108319      0.5007178053   0.3151713627

 [2,*,*]
:          1               2               3          :=
1    0.001176576267   0.7284151503   0.270408263
2    0.002683776366   0.8087902193   0.1885260019
3    0.005275093856   0.8355701133   0.1591547907
4    0.00972462178    0.8410638295   0.1492115462
5    0.01731818135    0.8370033795   0.1456784365
6    0.03004449951    0.8259380932   0.1440174046
7    0.05066516033    0.8067018039   0.1426330331
8    0.08227616371    0.776826931    0.1408969027
9    0.1268238639     0.7346175364   0.1385585971
10   0.1826825864     0.6816624101   0.135655001
11   0.2433042747     0.6241850028   0.13251072
12   0.2996003906     0.5708072637   0.1295923432
13   0.3448002542     0.5279502251   0.1272495181
14   0.377037261      0.4973840804   0.125578656
15   0.3981367959     0.4773781334   0.1244850681
16   0.4111810726     0.4650099379   0.1238089868
17   0.418963005      0.45763134     0.1234056523
18   0.4235071699     0.4533226971   0.1231701304
19   0.4261275578     0.4508381226   0.1230343169
20   0.4276276679     0.4494157626   0.1229565668
21   0.4278213422     0.4497322834   0.1224463741
22   0.4281228036     0.4502246317   0.1216525647
23   0.428592025      0.4509893582   0.1204186169
24   0.4293233376     0.4521734599   0.1185032026
25   0.4304704154     0.4539933279   0.1155362568
26   0.4323107088     0.4567348552   0.1109544361
27   0.4354720837     0.460620977    0.1039069394
28   0.4418912576     0.4649962365   0.09311250603
29   0.4591149555     0.4642754076   0.07660963714
30   0.519165741      0.4295707805   0.05126347835
;

var :   PC   PR    :=
1    0   30
2   40   30
;

