var V [*,*] (tr)
:         1             2         :=
1    59.70883727   34.33669127
2    60.09894365   34.5570482
3    60.13470283   34.70179782
4    59.97879029   34.77615414
5    59.77369978   34.79912336
6    59.64832665   34.90932465
7    59.67295027   35.15910023
8    59.82296107   35.85904193
9    59.82371099   36.50986857
10   59.82571611   37.069921
11   59.83108081   39.75294705
12   59.84547349   39.80784572
13   59.88460758   39.87645508
14   60.0000002    40.00000067
15    0             0
;

var y [1,*,*]
:          1              2               3          :=
1    0.01989543739   0.6464861344   0.3336184282
2    0.04446210779   0.7181475332   0.237390359
3    0.08441867555   0.7216344875   0.193946837
4    0.1456726382    0.6838183705   0.1705089914
5    0.2311260176    0.6164775433   0.1523964391
6    0.3353752775    0.5299354703   0.1346892522
7    0.4431917422    0.4392934473   0.1175148105
8    0.5369289627    0.3602654534   0.1028055839
9    0.536939758     0.3603229906   0.1027372514
10   0.536969252     0.3604761011   0.1025546469
11   0.537053874     0.3608793415   0.1020667845
12   0.5373322216    0.3619047319   0.1007630465
13   0.5385403281    0.3641909822   0.09726868972
14   0.5457492542    0.3664451795   0.08780556633
15   0.5945442989    0.3431411101   0.06231459105

 [2,*,*]
:           1               2               3           :=
1    0.0004086875773   0.4286075265   0.5709837859
2    0.00105049542     0.5435237989   0.4554257056
3    0.002318747072    0.6083858269   0.389295426
4    0.004793945251    0.6413140598   0.3538919949
5    0.009591886563    0.6554023865   0.3350057269
6    0.0152532723      0.692905257    0.2918414707
7    0.05690936002     0.7365479424   0.2065426976
8    0.2838540097      0.6438856703   0.07226031994
9    0.5133152922      0.4572010037   0.02948370415
10   0.67779863        0.3050310905   0.01717027956
11   0.7684817085      0.218248563    0.01326972849
12   0.7717513071      0.218498176    0.00975051692
13   0.779216475       0.2140988647   0.006684660326
14   0.7987697415      0.1971827841   0.004047474305
15   0.8476584751      0.1504986052   0.001842919663
;

var L [*,*] (tr)
:          1              2          :=
1      0              0
2    109.7088373     64.33669127
3    110.0989436     64.5570482
4    110.1347028     64.70179782
5    109.9787903     64.77615414
6    109.7736998     14.79912336
7    109.6483266     14.90932465
8    109.6729503     15.15910023
9      9.822961071   55.85904193
10     9.823710986   56.50986857
11     9.825716108   57.069921
12     9.831080815    9.752947049
13     9.845473491    9.807845721
14     9.884607585    9.876455084
15    10.0000002     10.00000067
;

var x [1,*,*]
:          1               2              3          :=
1    0.005455701144   0.4568588899   0.537685409
2    0.01331450162    0.5600631765   0.4266223219
3    0.02674785671    0.599486702    0.3737654413
4    0.04857031333    0.6014291431   0.3500005435
5    0.08192537534    0.5806350748   0.3374395498
6    0.1283371361     0.5437740388   0.3278888251
7    0.1849308583     0.4966123077   0.318456834
8    0.2436274741     0.4473015489   0.309070977
9    0.2436602847     0.4474303272   0.308909388
10   0.2437484124     0.4477740591   0.3084775285
11   0.2439878235     0.4486884553   0.3073237212
12   0.2446627019     0.4510944037   0.3042428944
13   0.2467820651     0.4571953335   0.2960226013
14   0.2552515364     0.4706690186   0.2740794451
15   0.3017740359     0.482965524    0.2152604401

 [2,*,*]
:           1               2               3          :=
1    9.484078401e-05   0.2512638089   0.7486413503
2    0.0002623417891   0.3459126999   0.6538249583
3    0.0006063976819   0.4077090437   0.5916845586
4    0.001287598157    0.4428006206   0.5559117812
5    0.002617633059    0.460668764    0.536713603
6    0.004314404885    0.5069488298   0.4887367653
7    0.01760922157     0.5958569249   0.3865338535
8    0.1141850131      0.6986781894   0.1871367975
9    0.259155779       0.6396676234   0.1011765976
10   0.4076904641      0.5191030637   0.07320647227
11   0.5155676027      0.4196532141   0.06477918324
12   0.5249345034      0.4266469805   0.04841851608
13   0.5395683076      0.4264936094   0.033938083
14   0.5713220449      0.4072863765   0.02139157864
15   0.6521035509      0.3372353114   0.01066113771
;

var : PC   PR    :=
1    0    0
2   30   30
;

var T [*,*] (tr)
:         1             2         :=
1    356.1791295   361.8067787
2    353.2930899   359.3070629
3    351.4716713   357.7566596
4    349.8455822   356.8673024
5    347.9172571   356.3386642
6    345.5398475   355.1568134
7    342.8978587   352.2337614
8    340.3858778   344.0095604
9    340.3824736   337.2480843
10   340.3733604   332.2479224
11   340.3488742   329.2186113
12   340.2822218   328.8415639
13   340.0929169   328.3534339
14   339.4878515   327.4727876
15   337.0928295   325.5132992
;

var TF = 338.1587438;

var : QC            QR         :=
1   570.4571001   615.7491404
2   371.1507379   360.039348
;

