var V [*,*] (tr)
:         1             2         :=
1    78.59580084   235.1375631
2    79.32188461   238.5150934
3    79.63188516   242.113269
4    79.63132239   244.8051251
5    79.41508991   246.6657853
6    79.09800645   248.3436471
7    78.88927363   249.155292
8    79.03994327   249.4766327
9    79.18885119   249.490944
10   79.37534296   249.261058
11   79.5968258    250.4883931
12   79.84555261   250.4054789
13   80.11869851   251.1142614
14   80.47782299   254.4400508
15    0              0
;

var y [1,*,*]
:          1               2               3          :=
1    0.005157441946   0.6105277451   0.3843148129
2    0.01280411939    0.7158751713   0.2713207093
3    0.02764020233    0.7566261345   0.2157336632
4    0.05562966966    0.7563974815   0.1879728489
5    0.1060053673     0.7234972552   0.1704973775
6    0.189276604      0.6566726122   0.1540507838
7    0.3089379456     0.5564051905   0.134656864
8    0.4497174389     0.4372469178   0.1130356433
9    0.4509569399     0.4469689525   0.1020741075
10   0.4525053547     0.4586298124   0.08886483289
11   0.4545821353     0.4715650661   0.07385279869
12   0.4582362786     0.4839069575   0.05785676382
13   0.4678465253     0.49031876     0.04183471461
14   0.4994629796     0.4740084803   0.02652854019
15   0.598645076      0.3887659185   0.01258900541

 [2,*,*]
:           1               2                3           :=
1    6.806632723e-06   0.4392754023   0.5607177911
2    2.42001013e-05    0.6267970789   0.373178721
3    7.55782535e-05    0.774210615    0.2257138067
4    0.0002164486696   0.8655508544   0.1342326969
5    0.0005898775097   0.9136181266   0.0857919959
6    0.001293405128    0.959299559    0.0394070359
7    0.003219903456    0.9791380033   0.01764209319
8    0.008457201923    0.9836624297   0.007880368415
9    0.02197553535     0.9742729496   0.003751515092
10   0.05591949463     0.9420778551   0.002002650252
11   0.135565407       0.8632066028   0.001227990177
12   0.1959291027      0.8035834402   0.0004874570929
13   0.3225005711      0.6773259338   0.0001734950941
14   0.5277340829      0.4722157741   5.014305787e-05
15   0.7484247921      0.2515644296   1.077830742e-05
;

var L [*,*] (tr)
:         1              2         :=
1      0              0
2    128.5958008    255.1375631
3    129.3218846    258.5150934
4    129.6318852    262.113269
5    129.6313224    264.8051251
6    129.4150899    241.6657853
7    129.0980065    243.3436471
8    128.8892736    244.155292
9     29.03994327   254.4766327
10    29.18885119   254.490944
11    29.37534296   254.261058
12    29.5968258    230.4883931
13    29.84555261   230.4054789
14    30.11869851   231.1142614
15    30.47782299   234.4400508
;

var x [1,*,*]
:          1               2               3          :=
1    0.001354923962   0.4112340815   0.5874109946
2    0.003678965215   0.5330393426   0.4632816922
3    0.008377492196   0.5980911277   0.3935313801
4    0.01750177136    0.6234058035   0.3590924252
5    0.03469539826    0.6232647657   0.342039836
6    0.06557328034    0.6028532198   0.3315734999
7    0.1164940393     0.5616136188   0.3218923418
8    0.189617302      0.5000889801   0.3102937179
9    0.1932988301     0.5207198758   0.2859812942
10   0.1979697032     0.5466697488   0.255360548
11   0.2037597972     0.5775456905   0.2186945123
12   0.2112064745     0.6114434916   0.177350034
13   0.2230106167     0.6432959299   0.1336934534
14   0.2507080745     0.6589064589   0.09038546662
15   0.3367510685     0.613852067    0.04939686453

 [2,*,*]
:           1               2                3           :=
1    1.589186776e-06   0.2592754342   0.7407229766
2    6.397641913e-06   0.4251653695   0.5748282328
3    2.245080967e-05   0.5983637955   0.4016137537
4    6.993267386e-05   0.7349195724   0.2650104949
5    0.000200220926    0.8197605458   0.1800392333
6    0.0004620483769   0.9114363832   0.08810156838
7    0.001180912815    0.9580714786   0.04074760858
8    0.003147237417    0.9783202724   0.01853249017
9    0.008281724316    0.9827568346   0.008961441063
10   0.02153447204     0.9735518812   0.004913646793
11   0.05481053042     0.9419892458   0.003200223802
12   0.08238620982     0.9162801798   0.001333610408
13   0.1479705479      0.8515006176   0.0005288344758
14   0.2856422467      0.7141701771   0.0001875761625
15   0.5089070345      0.4910394643   5.350125117e-05
;

var : PC   PR    :=
1   25   25
2   20   20
;

var T [*,*] (tr)
:         1             2         :=
1    357.6045384   361.5982348
2    354.6416384   357.3952688
3    352.9020517   353.554933
4    351.6989061   350.847191
5    350.4346057   349.2803051
6    348.6354867   347.6735858
7    345.9936338   346.8539232
8    342.5834236   346.4018055
9    342.0870774   346.011501
10   341.4734628   345.3449781
11   340.7492136   343.8551905
12   339.9207817   342.6656201
13   338.9282074   340.0554046
14   337.4162893   335.2391508
15   334.1394568   328.8502255
;

var TF = 338.1587438;

var: QC             QR         :=
1    769.8473015    812.8037075
2   2461.30173     2461.41815
;

