var V [*,*] (tr)
:         1             2         :=
1    40.38722746   81651.16867
2    40.68851268   81615.61104
3    40.81468141   81644.37036
4    40.87533264   81953.49237
5    40.90546696   82847.35371
6    40.92017684   84288.47525
7    40.92721024   85733.77731
8    40.93059398   86738.22327
9    40.96106537   87285.32433
10   41.00634807   87542.1917
11   41.07217059   87645.89761
12   41.16573287   87663.2958
13   41.29954699   87609.38859
14   41.51809237   87494.58101
15    0                0
;

var y [1,*,*]
:         1              2               3          :=
1    0.3286414341   0.4838840949   0.187474471
2    0.4644136917   0.4127020331   0.1228842752
3    0.5398169223   0.3567755827   0.103407495
4    0.5783120676   0.3255357711   0.09615216126
5    0.5970679289   0.309903948    0.09302812319
6    0.6059870021   0.3024097901   0.09160320777
7    0.6101774804   0.2988800355   0.0909424841
8    0.6121348603   0.2972300491   0.09063509052
9    0.6128783315   0.3000795368   0.08704213178
10   0.6139972869   0.3041979014   0.08180481168
11   0.6157584082   0.3098303617   0.07441123013
12   0.6189889666   0.3166062018   0.06440483165
13   0.6268240969   0.3216543923   0.05152151077
14   0.6508906607   0.3133146161   0.03579472319
15   0.7251760347   0.2567196944   0.01810427082

 [2,*,*]
:           1                2                3           :=
1    2.978850561e-07   0.03916137502   0.9608383271
2    1.540096245e-06   0.08192371734   0.9180747426
3    7.657229617e-06   0.1640378449    0.8359544979
4    3.544141166e-05   0.3031542911    0.6968102674
5    0.0001466390163   0.4941444171    0.5057089439
6    0.0001699924906   0.6902572731    0.3095727344
7    0.0002295634379   0.8376087744    0.1621616621
8    0.0003893139872   0.9232435913    0.07636709472
9    0.0008191513674   0.9652607389    0.0339201097
10   0.001971183233    0.983388406     0.01464041072
11   0.00504561655     0.9887270112    0.006227372259
12   0.01319175013     0.9841886228    0.002619627077
13   0.03441137473     0.9645055217    0.001083103534
14   0.08734418528     0.9122252768    0.0004305379389
15   0.2061179316      0.793726036     0.0001560323882
;

var L [*,*] (tr)
:         1              2         :=
1      0                0
2    110.3872275    81681.16867
3    110.6885127    81645.61104
4    110.8146814    81674.37036
5    110.8753326    81983.49237
6    110.905467     82807.35371
7    110.9201768    84248.47525
8    110.9272102    85693.77731
9     10.93059398   86698.22327
10    10.96106537   87245.32433
11    11.00634807   87502.1917
12    11.07217059   87605.89761
13    11.16573287   87623.2958
14    11.29954699   87569.38859
15    11.51809237   87454.58101
;

var x [1,*,*]
:         1              2               3          :=
1    0.1177816994   0.4614058452   0.4208124554
2    0.1949286689   0.4696299324   0.3354413987
3    0.2452017891   0.4435025811   0.3112956298
4    0.273223496    0.4228689765   0.3039075275
5    0.28756096     0.4113159439   0.3011230962
6    0.2945577192   0.4055271224   0.2999151584
7    0.2978882219   0.4027497298   0.2993620483
8    0.2994538572   0.4014410452   0.2991050976
9    0.3018831724   0.4084143675   0.2897024601
10   0.3055239836   0.4187537008   0.2757223156
11   0.3109574037   0.4336092374   0.2554333589
12   0.3192918058   0.4537334929   0.2269747013
13   0.3336864179   0.4775087812   0.1888048009
14   0.3657022894   0.4940543069   0.1402434037
15   0.4574071261   0.4607216343   0.08187123954

 [2,*,*]
:           1                2                3           :=
1    5.648732815e-08   0.01831225751   0.981687686
2    2.977963951e-07   0.03915371752   0.9608459847
3    1.539551105e-06   0.08190034383   0.9180981166
4    7.654437771e-06   0.1639843181    0.8360080275
5    3.542846335e-05   0.3030500597    0.6969145119
6    4.714481275e-05   0.4939997045    0.5059531507
7    7.221128404e-05   0.6902081476    0.3097196412
8    0.0001334592051   0.837629258     0.1622372828
9    0.0002943968782   0.9233033469    0.07640225625
10   0.0007250265387   0.9653393837    0.03393558977
11   0.001877861342    0.9834751067    0.01464703199
12   0.004953808888    0.9888160467    0.006230144374
13   0.01310367941     0.9842755689    0.002620751707
14   0.0343329425      0.9645835305    0.001083527002
15   0.08728986051     0.912279476     0.0004306634923
;

var : PC   PR    :=
1   30    0
2   40   30
;

var T [*,*] (tr)
:         1             2         :=
1    347.5726838   368.9020817
2    342.7201957   368.2028433
3    340.3538788   366.8122082
4    339.1903071   364.2941563
5    338.6248375   360.4291681
6    338.3547002   355.8056413
7    338.2272644   351.7043182
8    338.16759     348.967726
9    337.9668588   347.4854405
10   337.6702242   346.764363
11   337.2404643   346.3984902
12   336.6251322   346.1214281
13   335.7159788   345.690984
14   334.1734984   344.7156016
15   330.9219497   342.4507897
;

var TF = 338.1587438;

var : QC               QR          :=
1   392.0739007      416.1534132
2   863831.7793      863858.8843
;

