var Vs [*] :=
1  50.01783005
2  30.18065046
;

var y [1,*,*]
:          1              2               3          :=
1    0.01758293958   0.6819698243   0.3004472266
2    0.03690599304   0.7428727386   0.2202212649
3    0.06546781953   0.7454718613   0.1890603176
4    0.1061445632    0.7196134475   0.1742419883
5    0.1606547446    0.6758161187   0.1635291357
6    0.2277017979    0.6193048259   0.1529933751
7    0.3018410298    0.5561009536   0.1420580155
8    0.3747117708    0.4937967359   0.131491492
9    0.4384811356    0.4392305114   0.1222883521
10   0.4888522048    0.3961189471   0.1150288473
11   0.5255155858    0.3647372989   0.1097471146
12   0.5506431779    0.3432291145   0.106127707
13   0.5671625714    0.3290890925   0.1037483355
14   0.5777276391    0.3200457436   0.1022266167
15   0.5843660086    0.3143635143   0.1012704767
16   0.5884908184    0.3108328098   0.1006763714
17   0.5910360589    0.3086541655   0.1003097751
18   0.5925998885    0.3073155777   0.1000845335
19   0.5935581935    0.3064952995   0.09994650684
20   0.594144488     0.3059934504   0.09986206157
21   0.5945028312    0.3056867206   0.09981044851
22   0.5947217199    0.3054993596   0.09977892113
23   0.5948553784    0.305384954    0.09975966865
24   0.5949369779    0.3053151107   0.09974790963
25   0.5949867925    0.3052724846   0.0997407205
26   0.5949867925    0.3052724847   0.09974072037
27   0.5949867925    0.3052724847   0.09974072026
28   0.5949867925    0.3052724847   0.09974072014
29   0.5949867925    0.3052724848   0.09974072002
30   0.5949867925    0.3052724848   0.09974071991
31   0.5949867925    0.3052724848   0.09974071979
32   0.5949867925    0.3052724848   0.09974071967
33   0.5949867925    0.3052724848   0.09974071954
34   0.5949867925    0.3052724848   0.09974071942
35   0.5949867924    0.3052724848   0.09974071929
36   0.5949867924    0.3052724848   0.09974071916
37   0.5949867923    0.3052724848   0.09974071903
38   0.5949867923    0.3052724848   0.09974071889
39   0.5949867922    0.3052724847   0.09974071875
40   0.5949867922    0.3052724847   0.09974071861
41   0.5949867921    0.3052724846   0.09974071846
42   0.594986792     0.3052724846   0.0997407183
43   0.5949867919    0.3052724845   0.09974071814
44   0.5949867918    0.3052724845   0.09974071798
45   0.5949867917    0.3052724844   0.0997407178
46   0.5949867915    0.3052724843   0.09974071762
47   0.5949867914    0.3052724842   0.09974071744
48   0.5949867913    0.3052724841   0.0997407172
49   0.5949868319    0.3052724974   0.09974066277
50   0.5950920109    0.305238708    0.09966930936

 [2,*,*]
:           1               2               3          :=
1    1.214946923e-06   0.4965130234   0.5034857897
2    3.03167618e-06    0.603594502    0.3964026027
3    6.150159333e-06   0.6548334634   0.3451603882
4    1.190558625e-05   0.6777919046   0.3221962143
5    2.231098352e-05   0.6877707715   0.3122069525
6    4.119611336e-05   0.6920431696   0.3079156692
7    7.549729563e-05   0.6938468603   0.3060776742
8    0.0001378258142   0.6945787844   0.3052834196
9    0.000251088742    0.694824568    0.3049243696
10   0.0004568836581   0.6948099872   0.3047331512
11   0.0008306843077   0.6945875229   0.3045818134
12   0.001509184985    0.6941004936   0.3043903436
13   0.002739190594    0.6931822802   0.3040785532
14   0.004963822591    0.6915066045   0.3035295969
15   0.008970570927    0.6884822344   0.3025471909
16   0.008970678025    0.688523924    0.3025053923
17   0.008970948184    0.6886280213   0.3024010246
18   0.008971649311    0.6888878395   0.3021405052
19   0.008973677168    0.6895356091   0.3014907077
20   0.008981676918    0.6911454648   0.2998728523
21   0.009032635306    0.6951070718   0.2958602868
22   0.009482709556    0.7045366847   0.2859805997
23   0.01386194444     0.7242394084   0.261898641
24   0.0543481463      0.741709801    0.2039420516
25   0.3233190016      0.594190552    0.08249044055
26   0.5541659361      0.4037074839   0.04212657538
27   0.6948060803      0.2755937966   0.02960011923
28   0.7639931646      0.210578742    0.02542809011
29   0.7944807632      0.1816206498   0.02389858408
30   0.807258735       0.1694369746   0.02330428791
31   0.8125008796      0.1644316363   0.02306748186
32   0.8146324646      0.1623952989   0.02297223467
33   0.8154960791      0.1615701192   0.02293379983
34   0.8158454546      0.1612362692   0.0229182726
35   0.8159867035      0.1611013052   0.02291199514
36   0.8159867034      0.1611013051   0.02291199477
37   0.8159867034      0.161101305    0.02291199433
38   0.8159867034      0.161101305    0.02291199393
39   0.8159867034      0.1611013051   0.02291199357
40   0.8159867034      0.1611013051   0.02291199326
41   0.8159867034      0.1611013051   0.02291199299
42   0.8159867035      0.1611013052   0.02291199274
43   0.8159867035      0.1611013053   0.02291199252
44   0.8159867036      0.1611013053   0.02291199232
45   0.8159867036      0.1611013054   0.02291199214
46   0.8159867037      0.1611013056   0.02291199196
47   0.815986707       0.1611013073   0.02291198704
48   0.8159869166      0.1611013283   0.02291175656
49   0.8160019618      0.1610963988   0.02290164103
50   0.817317369       0.1602328603   0.02244975994
;

var Ls [*] :=
1  100.0178296
2   60.18065083
;

var x [1,*,*]
:          1              2              3          :=
1    0.00490799005   0.4947612917   0.5003306828
2    0.01124661346   0.5883822428   0.4003711396
3    0.02090987519   0.6188391167   0.360251007
4    0.0351933476    0.6201388974   0.3446677548
5    0.05553535543   0.6072073763   0.3372572684
6    0.08279530767   0.5853048055   0.331899887
7    0.1163248052    0.5570441265   0.3266310685
8    0.1534010194    0.5254365654   0.3211624153
9    0.1898428743    0.4942789125   0.3158782132
10   0.2217332319    0.4669909438   0.3112758244
11   0.2469232502    0.4454313243   0.3076454257
12   0.2652582047    0.4297377065   0.3050040891
13   0.2778242382    0.4189816993   0.3031940629
14   0.286085406     0.4119104292   0.3020041653
15   0.2913688808    0.4073879494   0.3012431703
16   0.2946886568    0.4045463287   0.3007650151
17   0.2967514292    0.4027806619   0.3004679095
18   0.2980242763    0.4016911457   0.3002845786
19   0.2988063305    0.4010217325   0.3001719377
20   0.2992855685    0.4006115203   0.300102912
21   0.2995787681    0.4003605511   0.3000606818
22   0.2997579718    0.4002071588   0.3000348706
23   0.2998674358    0.4001134616   0.300019104
24   0.2999342769    0.4000562486   0.3000094761
25   0.2999750838    0.4000213208   0.3000035956
26   0.299975116     0.4000213389   0.3000035443
27   0.2999751163    0.4000213393   0.3000035436
28   0.2999751164    0.4000213395   0.3000035434
29   0.2999751164    0.4000213396   0.3000035432
30   0.2999751165    0.4000213397   0.300003543
31   0.2999751165    0.4000213399   0.3000035428
32   0.2999751166    0.40002134     0.3000035427
33   0.2999751166    0.4000213401   0.3000035425
34   0.2999751167    0.4000213402   0.3000035424
35   0.2999751167    0.4000213403   0.3000035422
36   0.2999751167    0.4000213404   0.3000035421
37   0.2999751168    0.4000213405   0.3000035419
38   0.2999751168    0.4000213406   0.3000035418
39   0.2999751169    0.4000213407   0.3000035417
40   0.2999751169    0.4000213408   0.3000035415
41   0.2999751169    0.4000213409   0.3000035414
42   0.2999751169    0.400021341    0.3000035413
43   0.299975117     0.4000213411   0.3000035412
44   0.299975117     0.4000213412   0.3000035411
45   0.299975117     0.4000213413   0.300003541
46   0.299975117     0.4000213413   0.3000035409
47   0.2999751171    0.4000213414   0.3000035408
48   0.2999751171    0.4000213415   0.3000035406
49   0.2999751751    0.4000214092   0.3000034149
50   0.3000899937    0.4000594996   0.2998505061

 [2,*,*]
:           1               2               3          :=
1    2.56559916e-07    0.3005135681   0.6994861462
2    7.410693821e-07   0.3988074802   0.6011917735
3    1.654153076e-06   0.4525089359   0.5474894607
4    3.238372459e-06   0.4782053166   0.5217914488
5    6.090217485e-06   0.489718992    0.510274898
6    1.130997921e-05   0.4947234011   0.5052652755
7    2.078221701e-05   0.4968660115   0.5031131937
8    3.798550496e-05   0.4977705633   0.5021914379
9    6.92444473e-05    0.4981376233   0.5017931185
10   0.0001260470116   0.4982608835   0.5016130546
11   0.000229254464    0.4982535707   0.5015171582
12   0.0004167169675   0.498142004    0.501441262
13   0.0007569868008   0.4978977576   0.5013452395
14   0.001373836768    0.4974372721   0.5011888761
15   0.002489492571    0.4965969186   0.5009135738
16   0.002489625604    0.4966464257   0.5008639633
17   0.002489944224    0.4967700151   0.5007400484
18   0.002490746033    0.4970786149   0.5004306459
19   0.002492825329    0.4978488541   0.4996583273
20   0.002498837617    0.4997691854   0.4977319837
21   0.002522553566    0.5045416419   0.4929358112
22   0.002673620988    0.5162859064   0.4810404792
23   0.004007872753    0.5442401444   0.4517519895
24   0.01699015932     0.6026490944   0.3803607527
25   0.1370117402      0.6544401949   0.2085480891
26   0.2987816139      0.5657161976   0.1355022099
27   0.4376222092      0.4511520508   0.1112257622
28   0.5222088141      0.3740993585   0.1036918501
29   0.5638206876      0.3349967104   0.1011826253
30   0.5821571441      0.3175801601   0.1002627195
31   0.5898423239      0.3102524139   0.09990528633
32   0.5929951563      0.3072420062   0.09976286201
33   0.5942771743      0.3060172739   0.09970557678
34   0.5947965852      0.3055209795   0.09968246065
35   0.5950067137      0.305320189    0.09967312192
36   0.595006725       0.305320199    0.09967307575
37   0.5950067264      0.3053201983   0.09967307471
38   0.5950067274      0.3053201989   0.09967307313
39   0.5950067281      0.3053201994   0.09967307189
40   0.5950067287      0.3053201999   0.09967307088
41   0.5950067292      0.3053202003   0.09967307001
42   0.5950067297      0.3053202006   0.09967306922
43   0.5950067301      0.3053202009   0.09967306847
44   0.5950067305      0.3053202012   0.09967306773
45   0.5950067309      0.3053202015   0.09967306707
46   0.5950067315      0.3053202016   0.09967306641
47   0.5950067437      0.3053202088   0.09967304702
48   0.595007379       0.3053204931   0.09967212745
49   0.5950435625      0.3053240823   0.09963235485
50   0.5975822789      0.3044923129   0.09792540721
;

var :   PC   PR    :=
1    0    0
2   30   30
;
