var V [*] :=
 1  284.4147423
 2  285.7832276
 3  286.6417589
 4  286.7812429
 5  286.2834737
 6  285.389383
 7  284.4221516
 8  283.7399038
 9  285.4580359
10  287.1457392
11  288.7057676
12  290.1058894
13  291.4574092
14  293.1849682
15    0
;

var y [*,*]
:          1              2               3           :=
1    0.01878356536   0.5301339495   0.4510824852
2    0.03497660351   0.6169432049   0.3480801916
3    0.05850562394   0.6633397641   0.2781546119
4    0.0915057343    0.6760363081   0.2324579576
5    0.1360774804    0.6617363124   0.2021862073
6    0.1934860736    0.6258183161   0.1806956102
7    0.26306009      0.5732036615   0.1637362485
8    0.3413313363    0.5096202536   0.1490484101
9    0.346827238     0.5346775084   0.1184952536
10   0.3543828651    0.5549787527   0.09063838216
11   0.3663161601    0.5671572081   0.06652663183
12   0.387055898     0.5663911688   0.04655293327
13   0.4242287996    0.5451764521   0.03059474837
14   0.4889168661    0.4927975723   0.01828556168
15   0.5918716303    0.3988459665   0.009282403161
;

var L [*] :=
 1    0
 2  384.4147423
 3  385.7832276
 4  386.6417589
 5  386.7812429
 6  386.2834737
 7  385.389383
 8  384.4221516
 9  183.7399038
10  185.4580359
11  187.1457392
12  188.7057676
13  190.1058894
14  191.4574092
15  193.1849682
;

var x [*,*]
:          1               2               3          :=
1    0.008128369665   0.4011540335   0.5907175968
2    0.01601176852    0.4965816681   0.4874065634
3    0.02801719421    0.5610078619   0.4109749439
4    0.04547618438    0.5955287415   0.3589950741
5    0.0699490104     0.6049671237   0.3250838659
6    0.1029543676     0.5942774909   0.3027681415
7    0.1453898592     0.567522916    0.2870872247
8    0.1967445254     0.5284482728   0.2748072018
9    0.2049753848     0.5699088925   0.2251157227
10   0.2146979447     0.607918628    0.1773834274
11   0.2274824258     0.638407201    0.1341103732
12   0.2467885627     0.6563496284   0.09686180885
13   0.2793181877     0.6545237368   0.06615807555
14   0.3366673772     0.6216062367   0.0417263861
15   0.4356235041     0.5414305516   0.02294594422
;

var PC = 100;
var PR = 100;

var T [*] :=
 1  464.8014249
 2  461.9356221
 3  459.668448
 4  457.8199009
 5  456.1516975
 6  454.4585294
 7  452.6136964
 8  450.5907377
 9  449.3960369
10  448.2187627
11  447.0516084
12  445.8133393
13  444.31655
14  442.2462706
15  439.2108199
;

var TF = 447.6181033;
var QC = 2811.466347;
var QR = 2922.181769;

