
var V [*,*] (tr)
:         1             2         :=
1    182.2783965   27.10966125
2    184.7368251   27.31143033
3    186.4066369   27.4546032
4    187.3293469   27.53990039
5    187.7844872   27.5860777
6    187.9959427   27.60984962
7    188.0898236   27.62177324
8    188.1267583   27.62766693
9    188.1310034   27.63053872
10   188.1043677   27.68234308
11   188.0273305   28.00447856
12   187.8506883   28.28787792
13   187.4933077   28.48830047
14   186.9233067   28.60618465
15   186.6224704   28.65670965
16   187.8348907   28.64864874
17   188.5334609   28.6182528
18   188.9029403   28.64027399
19   189.0894977   28.84874337
20   189.1814572   30.07283586
21   189.2261874   30.07287922
22   189.2476377   30.07292646
23   189.2574057   30.07301164
24   189.2605469   30.07323604
25   189.2581539   30.07391753
26   189.2490564   30.07607191
27   189.2414635   30.08300733
28   189.3379353   30.10595982
29   190.0993604   30.18569422
30     0            0
;

var y [1,*,*]
:           1               2                3           :=
1    1.221464359e-06   0.6017069684   0.3982918101
2    3.54750165e-06    0.7436475007   0.2563489518
3    9.201888016e-06   0.8248214884   0.1751693097
4    2.266723391e-05   0.8657208106   0.1342565222
5    5.453522227e-05   0.884983138    0.1149623268
6    0.0001298183971   0.8937235718   0.1061466099
7    0.0003075414852   0.897524038    0.1021684205
8    0.0007268762824   0.8989101635   0.1003629602
9    0.001715424476    0.8987908498   0.09949372569
10   0.004041370045    0.8970039467   0.09895468324
11   0.009489684542    0.8921516218   0.09835869361
12   0.02211960672     0.8806107313   0.09726966201
13   0.05070178654     0.8543679005   0.09493031295
14   0.1119858229      0.7980529864   0.0899611907
15   0.2292357007      0.6903130328   0.08045126651
16   0.2306406465      0.7273560592   0.04200329431
17   0.2313802787      0.7475262666   0.0210934547
18   0.2317541096      0.7578703055   0.01037558492
19   0.2319431608      0.7630066404   0.005050198765
20   0.2320493057      0.7655053813   0.002445313003
21   0.2321393014      0.766679766    0.001180932636
22   0.2322880414      0.7671424526   0.0005695060477
23   0.2326466582      0.7670789892   0.0002743526677
24   0.2336003129      0.7662677128   0.0001319743209
25   0.2361790418      0.7637576678   6.329040546e-05
26   0.2431311862      0.7568386891   3.012471072e-05
27   0.2615641622      0.7384217701   1.406767896e-05
28   0.3082688584      0.6917248817   6.259877151e-06
29   0.4139052924      0.5860922294   2.478170243e-06
30   0.5999996829      0.3999995572   7.599108745e-07

 [2,*,*]
:           1               2                3           :=
1    3.927298088e-08   0.4405432614   0.5594566994
2    1.051553643e-07   0.5638813998   0.4361184951
3    2.431803746e-07   0.6368393444   0.3631604124
4    5.27768451e-07    0.6763225845   0.3236768877
5    1.111804527e-06   0.6966638114   0.3033350768
6    2.308837663e-06   0.7068773209   0.2931203702
7    4.761439217e-06   0.7119384707   0.2880567678
8    9.78611748e-06    0.7144281116   0.2855621023
9    2.007990923e-05   0.7156443544   0.2843355657
10   4.116771528e-05   0.7162282408   0.2837305915
11   0.0001613354684   0.8195469058   0.1802917587
12   0.000587771085    0.896887199    0.1025250299
13   0.002027041004    0.9452599662   0.05271299283
14   0.006740760004    0.9691866749   0.02407256509
15   0.02180686198     0.969549797    0.00864334102
16   0.05462636987     0.9423664937   0.00300713645
17   0.1220098745      0.8769977224   0.0009924030756
18   0.244682064       0.7550211991   0.0002967369188
19   0.424809594       0.5751150339   7.53721437e-05
20   0.6181543809      0.3818300668   1.55523202e-05
21   0.6181584467      0.3818304803   1.10730064e-05
22   0.6181694655      0.3818226768   7.857697173e-06
23   0.6182031496      0.3817913007   5.549627841e-06
24   0.6183093269      0.3816867805   3.892551013e-06
25   0.6186462592      0.3813510386   2.702246658e-06
26   0.6197155713      0.3802825827   1.845919648e-06
27   0.623094259       0.3769045138   1.22719561e-06
28   0.6336109293      0.3663882954   7.752907439e-07
29   0.664855968       0.3351435933   4.387010339e-07
30   0.7459158976      0.254083914    1.881654133e-07
;

var L [*,*] (tr)
:         1             2         :=
1      0            0
2    232.2783965   47.10966125
3    234.7368251   47.31143033
4    236.4066369   47.4546032
5    237.3293469   47.53990039
6    237.7844872   47.5860777
7    237.9959427   47.60984962
8    238.0898236   47.62177324
9    238.1267583   47.62766693
10   238.1310034   47.63053872
11   238.1043677   22.68234308
12   238.0273305   23.00447857
13   237.8506883   23.28787792
14   237.4933077   23.48830047
15   236.9233067   23.60618466
16   136.6224704   33.65670965
17   137.8348907   33.64864874
18   138.5334609   33.6182528
19   138.9029403   33.64027399
20   139.0894977   33.84874337
21   139.1814572   10.07283586
22   139.2261874   10.07287922
23   139.2476377   10.07292646
24   139.2574057   10.07301165
25   139.2605469   10.07323604
26   139.2581539   10.07391753
27   139.2490564   10.07607192
28   139.2414635   10.08300733
29   139.3379353   10.10595982
30   140.0993604   10.18569422
;

var x [1,*,*]
:           1               2                3           :=
1    3.171470021e-07   0.4000004428   0.5999992401
2    1.02680199e-06    0.5582878367   0.4417111365
3    2.859421594e-06   0.6704491311   0.3295480095
4    7.322765431e-06   0.7349718439   0.2650208333
5    1.795856907e-05   0.7676039165   0.2323781249
6    4.313454677e-05   0.7830036731   0.2169531923
7    0.0001026117882   0.7899984571   0.2098989311
8    0.0002430229069   0.793041707    0.2067152701
9    0.00057431906     0.7941529905   0.2052726905
10   0.001355306031    0.7940605963   0.2045840976
11   0.003192781475    0.7926372128   0.2041700057
12   0.007496348866    0.7887703887   0.2037332624
13   0.01746978003     0.7795787999   0.2029514201
14   0.0400274922      0.7587088981   0.2012636097
15   0.08835254104     0.7140484726   0.1975989863
16   0.09354646115     0.7965596388   0.1098939001
17   0.09665460187     0.8461055646   0.05723983354
18   0.0983368242      0.8729568691   0.02870630674
19   0.09919911378     0.8866907421   0.01411014409
20   0.09963391814     0.8935007069   0.006865374942
21   0.0998656138      0.896810884    0.003323502218
22   0.100030397       0.8983648375   0.001604765518
23   0.1002528961      0.8989733768   0.0007737271558
24   0.1007495346      0.8988778799   0.0003725854173
25   0.102048564       0.8977723506   0.0001790854422
26   0.1055509131      0.8943633452   8.574169219e-05
27   0.1149908218      0.8849685095   4.0668696e-05
28   0.1400358788      0.8599452749   1.884634467e-05
29   0.2035842211      0.7964075454   8.233484071e-06
30   0.3474901461      0.6525067626   3.091399073e-06

 [2,*,*]
:           1               2                3           :=
1    9.200457681e-09   0.2602459041   0.7397540863
2    2.657721074e-08   0.3639995749   0.6360003986
3    6.472601806e-08   0.435525316    0.5644746192
4    1.447460563e-07   0.4781219956   0.5218778596
5    3.098124985e-07   0.5012794409   0.4987202493
6    6.486111308e-07   0.5132412944   0.486758057
7    1.343033443e-06   0.5192558852   0.4807427717
8    2.765847795e-06   0.5222384508   0.4777587834
9    5.680792329e-06   0.5237061061   0.4762882131
10   1.165248308e-05   0.5244231494   0.4755651981
11   4.990161247e-05   0.662708559    0.3372415394
12   0.0001960654023   0.7892328755   0.2105710591
13   0.0007136357993   0.8835473405   0.1157390237
14   0.002458211905    0.9423311395   0.05521064855
15   0.008168185364    0.9713403639   0.02049145057
16   0.02099394266     0.9716463081   0.007359749253
17   0.04893646147     0.948502793    0.002560745491
18   0.1062929586      0.8928617841   0.0008452572458
19   0.210742501       0.7890044138   0.0002530852255
20   0.3644713467      0.6354639649   6.468840739e-05
21   0.3644790136      0.6354749284   4.605796225e-05
22   0.3644922444      0.6354750709   3.268471029e-05
23   0.364526331       0.6354505838   2.308524728e-05
24   0.36462904        0.6353547657   1.619438748e-05
25   0.3649516767      0.6350370762   1.124704373e-05
26   0.3659746682      0.6340176386   7.693141836e-06
27   0.3692204829      0.6307743811   5.136078009e-06
28   0.379473215       0.6205234971   3.287897839e-06
29   0.4113560018      0.5886420611   1.937059531e-06
30   0.5056916971      0.4943073724   9.305560778e-07
;

var : PC   PR    :=
1   25   25
2   20   20
;

var T [*,*] (tr)
:         1             2         :=
1    357.9973336   361.5720765
2    354.4013127   358.8792141
3    352.0968898   357.151656
4    350.8507638   356.1681032
5    350.2403715   355.6467477
6    349.9554617   355.3809872
7    349.8236275   355.2482165
8    349.7584196   355.1825085
9    349.7150023   355.1500435
10   349.6619535   355.1338145
11   349.5592358   352.2465082
12   349.3294403   349.8309886
13   348.806957    348.1304525
14   347.6561384   347.0303918
15   345.3190738   346.2000855
16   343.7587414   345.407267
17   342.864545    344.0991622
18   342.3924415   341.6854678
19   342.1541144   337.7589329
20   342.0363469   332.8085634
21   341.9781906   332.8081563
22   341.9479      332.807636
23   341.927497    332.806537
24   341.9019414   332.8034398
25   341.8469124   332.7938749
26   341.7048741   332.7636871
27   341.3280645   332.6682081
28   340.3516537   332.3688361
29   338.0086736   331.4583549
30   333.3136386   328.9318114
;

var TF = 338.1587438;

var : QC             QR         :=
1   1842.818906    1885.136834
2    283.6334812    284.0042214
;


