set C := 1, 2, 3;

param alpha := 1 5.9659 2 2.2954 3 1;

#large
param ns :=	1	30 
			2	30;		 
param fn := 15;
param ccn := 20;
param crn := 10;
param psn := 15;

var Vs [*] :=
1  51.26889978
2  31.28868904
;

var y [1,*,*]
:          1              2               3          :=
1    0.01207137244   0.6829365524   0.3049920752
2    0.02571517066   0.7502695731   0.2240152563
3    0.04656522257   0.7605802918   0.1928544856
4    0.07762401865   0.7435446743   0.1788313071
5    0.1218037187    0.7088702684   0.1693260129
6    0.1803868075    0.6597274914   0.1598857012
7    0.2510867076    0.5995179186   0.1493953738
8    0.3272655808    0.5344006187   0.1383338005
9    0.3999291106    0.4722273903   0.1278434991
10   0.4616075763    0.4194388536   0.1189535701
11   0.5089841732    0.3788875125   0.1121283143
12   0.5426573939    0.3500646605   0.1072779456
13   0.5652923082    0.3306899754   0.1040177164
14   0.5799423784    0.3181500009   0.1019076206
15   0.5891934804    0.3102313573   0.1005751622
16   0.5891934804    0.3102313573   0.1005751622
17   0.5891934804    0.3102313573   0.1005751622
18   0.5891934804    0.3102313573   0.1005751622
19   0.5891934804    0.3102313573   0.1005751622
20   0.5891934804    0.3102313573   0.1005751622
21   0.5891934804    0.3102313573   0.1005751622
22   0.5891934804    0.3102313573   0.1005751622
23   0.5891934805    0.3102313573   0.1005751622
24   0.5891934805    0.3102313575   0.100575162
25   0.5891934814    0.3102313596   0.100575159
26   0.5891934975    0.3102313942   0.1005751083
27   0.5891937998    0.3102319474   0.1005742528
28   0.5892005153    0.310239807    0.1005596777
29   0.5893952263    0.3103010758   0.1003036979
30   0.5966529976    0.3078501795   0.09549682294

 [2,*,*]
:           1               2               3          :=
1    1.36027295e-05    0.4844832723   0.515503125
2    3.362500769e-05   0.5942463643   0.4057200107
3    7.073881359e-05   0.6484272832   0.351501978
4    0.0001392330929   0.6733443137   0.3265164532
5    0.0002658042509   0.6843797887   0.3153544071
6    0.0004999876006   0.6890928671   0.3104071453
7    0.0009334492254   0.6909001176   0.3081664332
8    0.001735431481    0.6912243241   0.3070402444
9    0.003217254363    0.6905111739   0.3062715717
10   0.005947725909    0.6886288052   0.3054234689
11   0.006008797751    0.6937601925   0.3002310097
12   0.006542167774    0.7052624632   0.288195369
13   0.01147060153     0.7277993025   0.2607300959
14   0.05405347941     0.7465432181   0.1994033025
15   0.3187078301      0.6007076608   0.08058450902
16   0.5503502373      0.4088356494   0.04081411331
17   0.6939047253      0.2776928731   0.0284024016
18   0.7653594529      0.2103847036   0.02425584344
19   0.7970842986      0.1801839563   0.02273174517
20   0.810449713       0.1674124585   0.02213782849
21   0.8104497131      0.1674124586   0.02213782825
22   0.8104497139      0.1674124592   0.02213782685
23   0.8104497186      0.167412463    0.02213781841
24   0.8104497467      0.1674124857   0.0221377676
25   0.8104499202      0.167412618    0.02213746177
26   0.8104510296      0.1674133515   0.02213561886
27   0.8104587861      0.1674167286   0.02212448528
28   0.8105233097      0.1674199277   0.0220567626
29   0.8112051854      0.1671570001   0.02163781452
30   0.8199929039      0.1610364637   0.01897063242
;

var Ls [*] :=
1  101.2688998
2   61.28868904
;

var x [1,*,*]
:          1               2              3          :=
1    0.003347002427   0.4921498205   0.5045031771
2    0.00776384563    0.5887384658   0.4034976886
3    0.01467122317    0.6228268176   0.3625019592
4    0.02522687475    0.6280467737   0.3467263516
5    0.04095085622    0.6194222367   0.339626907
6    0.06331749216    0.6018677986   0.3348147093
7    0.09297605972    0.5769885304   0.3300354098
8    0.1287689448     0.546506531    0.3247245242
9    0.1673356422     0.513539921    0.3191244368
10   0.2041226443     0.4820637914   0.3138135643
11   0.2353482929     0.4553388027   0.3093129044
12   0.2593334058     0.4348090779   0.3058575162
13   0.276380979      0.4202170766   0.3034019444
14   0.2878402439     0.4104083516   0.3017514044
15   0.2952570618     0.4040598015   0.3006831368
16   0.2952570618     0.4040598015   0.3006831368
17   0.2952570618     0.4040598015   0.3006831368
18   0.2952570618     0.4040598015   0.3006831368
19   0.2952570618     0.4040598015   0.3006831368
20   0.2952570618     0.4040598015   0.3006831368
21   0.2952570618     0.4040598015   0.3006831368
22   0.2952570618     0.4040598015   0.3006831368
23   0.2952570618     0.4040598015   0.3006831367
24   0.2952570619     0.4040598018   0.3006831363
25   0.2952570641     0.4040598069   0.300683129
26   0.2952571012     0.4040598919   0.3006830069
27   0.2952577504     0.4040612933   0.3006809563
28   0.2952699656     0.4040836415   0.3006463929
29   0.2955413007     0.4044012037   0.3000574956
30   0.3034084459     0.4068767205   0.2897148336

 [2,*,*]
:           1               2               3          :=
1    3.138120695e-06   0.2904968911   0.7094999707
2    8.480442493e-06   0.3895295128   0.6104620067
3    1.870208132e-05   0.4455650279   0.5544162701
4    3.764917181e-05   0.4732251059   0.5267372449
5    7.261641037e-05   0.4859455806   0.513981803
6    0.0001372326662   0.491579337    0.5082834303
7    0.0002567863737   0.4939854261   0.5057577875
8    0.0004780742852   0.4949080515   0.5046138742
9    0.000887496869    0.4950735632   0.5040389399
10   0.001643987113    0.4947094906   0.5036465223
11   0.001668977568    0.5008294798   0.4975015427
12   0.001838249469    0.5150520685   0.483109682
13   0.003316583113    0.5469327386   0.4497506783
14   0.01697664856     0.609397756    0.3736255955
15   0.1350029685      0.6613499839   0.2036470476
16   0.2964554805      0.5723829331   0.1311615864
17   0.4377690407      0.4553313216   0.1068996377
18   0.5253445241      0.3753276088   0.09932786705
19   0.5689355145      0.3342662282   0.09679825728
20   0.5882892717      0.3158422479   0.09586848041
21   0.5882892722      0.3158422484   0.09586847947
22   0.5882892753      0.3158422509   0.09586847381
23   0.5882892939      0.3158422663   0.09586843974
24   0.5882894067      0.3158423585   0.09586823477
25   0.5882900908      0.3158429079   0.09586700129
26   0.5882943033      0.315846121    0.0958595757
27   0.5883212385      0.3158639307   0.09581483084
28   0.5885095625      0.3159459241   0.09554451343
29   0.5900761605      0.3160235969   0.09390024258
30   0.6066317416      0.309639854    0.08372840447
;

var :   PC   PR    :=
1    0    0
2   30   30
;


