set C := 1, 2, 3;

param Pr := 30397.5; #0.3 atm

param cPr : 	1			2			3 :=
			1	83.79737	112.2405	91.44217		
			2	-6513.959	-7636.596	-7832.167		
			3	-9.325717 	-14.50891	-10.2817		
			4	7.091413e-6	0.01436147	6.317976e-6		
			5	2		1 		2;
			
param Tref := 298;

param cH : 		1			2			3 :=
			1	43535.144	40419.06	46413.89	
			2	230323.05	292214.3	336708.8	
			3	683.07662	472.7469	380.5709	
			4	82982.783	210647.3	300361.2 	
			5	788.0827	539.575		444.8773;
				
param ch : 		1			2			3 :=
			1	50414286	58101847	74504200
			2	562.16		591.8		617.2		
			3	0.66248342	0.95476587	1.6363189	
			4	-0.25822401	-0.868264	-2.0559065	
			5	0		0.3368207	0.9214337;

			
param cGamma := 
		[*,1,1] 1	0	2	1e-6	3	0
		[*,1,2] 1	0	2	1e-6	3	0
		[*,1,3] 1	0	2	1e-6	3	0
		[*,2,1] 1	0	2	1e-6	3	0
		[*,2,2] 1	0	2	1e-6	3	0
		[*,2,3] 1	0	2	1e-6	3	0
		[*,3,1] 1	0	2	1e-6	3	0
		[*,3,2] 1	0	2	1e-6	3	0
		[*,3,3] 1	0	2	1e-6	3	0;
					

#normal
param ns :=	1	15 
		2	15;		 
param fn := 8;
param ccn := 11;
param crn := 5;
param psn := 8;
	


var V [*,*] (tr)
:         1             2         :=
1    78.38259794   45.51666223
2    79.085642     45.6758698
3    79.73222896   45.65700193
4    80.14315799   45.59031119
5    80.25783614   45.55536422
6    80.08775229   45.60410029
7    79.80714716   45.73965431
8    79.95041212   45.91707776
9    79.95046242   46.08341389
10   79.95066859   46.21060947
11   79.95151328   49.80894493
12   79.95496807   49.84573646
13   79.9690344    49.90169864
14   80.02705893   50.01278802
15    0             0
;

var y [1,*,*]
:           1               2               3          :=
1    0.0008864795416   0.3992144739   0.5998990466
2    0.002774771254    0.5498358765   0.4473893522
3    0.007580446631    0.6574746351   0.3349449182
4    0.01917689237     0.7181212299   0.2627018777
5    0.04597133319     0.7357008568   0.21832781
6    0.104233148       0.7080293048   0.1877375472
7    0.2172352909      0.6234358206   0.1593288886
8    0.394813675       0.4783520363   0.1268342887
9    0.3948140566      0.4783557488   0.1268301946
10   0.3948156498      0.4783709436   0.1268134066
11   0.3948226148      0.4784328571   0.126744528
12   0.3948577565      0.4786808862   0.1264613573
13   0.3951016327      0.4796093732   0.1252889941
14   0.3975945345      0.4820782602   0.1203272058
15   0.4284847516      0.4730219059   0.09849334331

 [2,*,*]
:          1              2               3           :=
1    0.0288763282    0.8657723724   0.1053512993
2    0.05962630225   0.8729013581   0.06747234017
3    0.1072329129    0.8383947655   0.05437232258
4    0.176103309     0.7757546188   0.04814207062
5    0.2659489356    0.6907936578   0.0432574063
6    0.3682025753    0.5933528903   0.0384445336
7    0.4676857482    0.4984055337   0.03390871703
8    0.5505439705    0.4193068763   0.03014915265
9    0.6109686023    0.3616275517   0.0274038459
10   0.650854125     0.3235585973   0.0255872775
11   0.6754673528    0.3000688565   0.02446379029
12   0.6765366753    0.3015711758   0.02189214804
13   0.6796967956    0.3018308467   0.01847235742
14   0.6920862907    0.2939813729   0.01393233638
15   0.7425464715    0.2495307984   0.007922730106
;

var L [*,*] (tr)
:          1              2          :=
1      0              0
2    108.3825979     75.51666226
3    109.0856419     75.67586986
4    109.7322289     75.65700205
5    110.143158      75.59031116
6    110.2578361     75.55536426
7    110.0877523     75.60410031
8    109.8071472     75.73965432
9      9.950412058   75.91707779
10     9.950462363   76.08341394
11     9.95066854    76.21060952
12     9.951513224    9.808944894
13     9.954968012    9.845736412
14     9.96903435     9.901698635
15    10.02705891    10.012788
;

var x [1,*,*]
:           1               2              3          :=
1    0.0002022461952   0.229615553    0.7701821989
2    0.0006970856874   0.352269967    0.6470329472
3    0.002067292735    0.4617710358   0.5361616714
4    0.005563299879    0.540501048    0.453935652
5    0.01400871496     0.5850655725   0.4009257123
6    0.03351804503     0.5980003573   0.3684815972
7    0.07588369962     0.5776568313   0.3464594684
8    0.1579405044      0.5158416579   0.3262178368
9    0.1579415409      0.5158488913   0.3262095678
10   0.1579458048      0.5158785306   0.3261756646
11   0.1579635133      0.5159998389   0.3260366478
12   0.1580395752      0.5164940652   0.3254663596
13   0.1584039948      0.5184729423   0.3231230629
14   0.1606939436      0.5258648802   0.3134411758
15   0.181946536       0.545301666    0.272751799

 [2,*,*]
:          1               2               3          :=
1    0.009735791731   0.7710100492   0.2192541608
2    0.02127249511    0.8281267768   0.1506007282
3    0.03984832913    0.832508835    0.127642836
4    0.06857272855    0.811674944    0.1197523272
5    0.110075991      0.7738716121   0.1160523971
6    0.1642169884     0.7226443641   0.1131386475
7    0.2259615663     0.6638479393   0.1101904944
8    0.286294655      0.6063824651   0.1073228799
9    0.3368338824     0.5582887165   0.104877401
10   0.3739000559     0.5230487376   0.1030512065
11   0.3984804706     0.499696062    0.1018234674
12   0.4019247079     0.5061585384   0.09191675429
13   0.4083605118     0.512994174    0.07864531452
14   0.4258022747     0.5131079231   0.06108980194
15   0.4905033528     0.4715565884   0.03794006042
;

var : PC   PR    :=
1    0   30
2   40   30
;

var T [*,*] (tr)
:         1             2         :=
1    362.3924184   349.4927807
2    359.1060346   347.7147768
3    356.3613645   346.4460987
4    354.3268012   345.0045168
5    352.7278108   343.143413
6    350.9981839   340.8984846
7    348.3758046   338.5319911
8    344.1789667   336.3910151
9    344.1787959   334.7129752
10   344.1780954   333.5428811
11   344.175213    332.7932456
12   344.1632414   332.5955891
13   344.111821    332.2803049
14   343.8661274   331.6152958
15   342.3702605   329.6447334
;

var TF = 338.1587438;

var : QC            QR         :=
1   769.1786966   822.9714642
2   467.7689555   456.2139102
;




