set C := 1, 2, 3;

param Pr := 30397.5; #0.3 atm

param cPr : 	1			2			3 :=
			1	83.79737	112.2405	91.44217		
			2	-6513.959	-7636.596	-7832.167		
			3	-9.325717 	-14.50891	-10.2817		
			4	7.091413e-6	0.01436147	6.317976e-6		
			5	2		1 		2;
			
param Tref := 298;

param cH : 		1			2			3 :=
			1	43535.144	40419.06	46413.89	
			2	230323.05	292214.3	336708.8	
			3	683.07662	472.7469	380.5709	
			4	82982.783	210647.3	300361.2 	
			5	788.0827	539.575		444.8773;
				
param ch : 		1			2			3 :=
			1	50414286	58101847	74504200
			2	562.16		591.8		617.2		
			3	0.66248342	0.95476587	1.6363189	
			4	-0.25822401	-0.868264	-2.0559065	
			5	0		0.3368207	0.9214337;

			
param cGamma := 
		[*,1,1] 1	0	2	1e-6	3	0
		[*,1,2] 1	0	2	1e-6	3	0
		[*,1,3] 1	0	2	1e-6	3	0
		[*,2,1] 1	0	2	1e-6	3	0
		[*,2,2] 1	0	2	1e-6	3	0
		[*,2,3] 1	0	2	1e-6	3	0
		[*,3,1] 1	0	2	1e-6	3	0
		[*,3,2] 1	0	2	1e-6	3	0
		[*,3,3] 1	0	2	1e-6	3	0;
					

#large
param ns :=	1	30 
		2	30;		 
param fn := 15;
param ccn := 20;
param crn := 10;
param psn := 15;


var V [*,*] (tr)
:         1             2         :=
1    60.14672322   34.33820508
2    60.66765516   34.54495513
3    60.89790074   34.69240741
4    60.98362902   34.78138091
5    61.00292497   34.83040394
6    60.98560442   34.85613509
7    60.93682669   34.8692769
8    60.84902902   34.87583604
9    60.70911455   34.87895124
10   60.50929767   34.88028813
11   60.26685681   34.90705402
12   60.0424022    34.96546205
13   59.92199782   35.08585743
14   59.95120555   35.32685617
15   60.09674415   35.85221539
16   60.09674458   36.32471754
17   60.09674571   36.81648463
18   60.09674865   37.20271382
19   60.09675628   37.43339845
20   60.09677616   39.85566854
21   60.09682786   39.8956413
22   60.09696237   39.92801399
23   60.09731233   39.95370343
24   60.09822287   39.97403755
25   60.10059223   39.9908424
26   60.10676135   40.00710206
27   60.12286823   40.02900077
28   60.16550639   40.07152751
29   60.28814538   40.17297343
30    0             0
;

var y [1,*,*]
:           1               2               3          :=
1    0.0003880476449   0.6600685553   0.339543397
2    0.0008899703177   0.7518248885   0.2472851412
3    0.001775385556    0.7890015876   0.2092230268
4    0.003342566922    0.8025367802   0.1941206529
5    0.006118606092    0.8058948697   0.1879865242
6    0.01102116334     0.8039153881   0.1850634486
7    0.01961504085     0.7974565388   0.1829284204
8    0.03447162609     0.7851766972   0.1803516767
9    0.05953821728     0.764051381    0.1764104017
10   0.1001355418      0.7296981697   0.1701662885
11   0.1616955559      0.6775732182   0.1607312259
12   0.2462416873      0.6060039363   0.1477543763
13   0.3476837672      0.5201857922   0.1321304406
14   0.4511716915      0.4327110601   0.1161172484
15   0.5404460776      0.3573237944   0.102230128
16   0.5404460838      0.3573238273   0.1022300889
17   0.5404460999      0.3573239131   0.102229987
18   0.5404461419      0.3573241361   0.1022297219
19   0.5404462512      0.3573247165   0.1022290323
20   0.5404465356      0.3573262264   0.102227238
21   0.5404472756      0.3573301545   0.10222257
22   0.5404492018      0.3573403729   0.1022104253
23   0.5404542226      0.3573669457   0.1021788317
24   0.5404673702      0.3574359755   0.1020966542
25   0.5405023323      0.3576147019   0.1018829659
26   0.5405999842      0.3580724649   0.1013275509
27   0.5409127588      0.3592030405   0.09988420079
28   0.5422337669      0.3616407047   0.09612552833
29   0.5498824289      0.3638647276   0.08625284351
30   0.5998948159      0.3395535377   0.06055164636

 [2,*,*]
:           1               2                3           :=
1    2.292738415e-07   0.4027565299   0.5972432408
2    5.993978436e-07   0.5179887146   0.4820106867
3    1.341436464e-06   0.5862902171   0.4137084414
4    2.818339841e-06   0.6236986358   0.3762985459
5    5.745336738e-06   0.6433032512   0.3566910034
6    1.153963379e-05   0.6533384558   0.3466500046
7    2.300691375e-05   0.6584094571   0.341567536
8    4.570047038e-05   0.6609473208   0.3390069788
9    9.060879997e-05   0.6621955355   0.3377138557
10   0.0001794711607   0.6627726654   0.3370478635
11   0.0002462004428   0.6726009689   0.3271528306
12   0.0008047668257   0.6929281466   0.3062670866
13   0.005305921269    0.730448877    0.2642452017
14   0.0383608326      0.7749016159   0.1867375515
15   0.2258823414      0.704340974    0.06977668469
16   0.4381328306      0.5307596838   0.03110748552
17   0.6131865506      0.3680317076   0.01878174183
18   0.7228993177      0.2627750393   0.01432564294
19   0.7799759529      0.2075409771   0.01248306997
20   0.8067579706      0.181560336    0.01168169339
21   0.8078244701      0.1833070898   0.008868440084
22   0.808688133       0.1846904111   0.006621455996
23   0.8093994753      0.1857332298   0.004867294889
24   0.8100488976      0.1864291399   0.003521962491
25   0.8108229873      0.1866733509   0.002503661824
26   0.8121630832      0.1860973237   0.001739593109
27   0.8151799084      0.1836516317   0.001168459903
28   0.8226612651      0.1765980458   0.0007406890704
29   0.8411045522      0.1584767141   0.0004187336533
30   0.8825668654      0.117252579    0.0001805556257
;

var L [*,*] (tr)
:         1              2          :=
1      0             0
2    110.1467232    64.33820508
3    110.6676552    64.54495509
4    110.8979007    64.69240739
5    110.983629     64.7813809
6    111.002925     64.83040394
7    110.9856044    64.85613509
8    110.9368267    64.8692769
9    110.849029     64.87583604
10   110.7091145    64.87895125
11   110.5092977    14.88028813
12   110.2668568    14.90705402
13   110.0424022    14.96546205
14   109.9219978    15.08585743
15   109.9512056    15.32685618
16    10.09674415   55.85221539
17    10.09674458   56.32471754
18    10.09674571   56.81648463
19    10.09674865   57.20271382
20    10.09675628   57.43339845
21    10.09677616    9.855668543
22    10.09682786    9.895641304
23    10.09696237    9.928013994
24    10.09731233    9.95370343
25    10.09822287    9.974037548
26    10.10059223    9.990842401
27    10.10676135   10.00710206
28    10.12286823   10.02900077
29    10.16550639   10.07152751
30    10.28814538   10.17297343
;

var x [1,*,*]
:           1               2              3          :=
1    0.0001051840949   0.4604464623   0.5394483536
2    0.0002596445741   0.5694521088   0.4302882466
3    0.0005354013961   0.620179185    0.3792854136
4    0.001022349904    0.6408675278   0.3581101223
5    0.001884071261    0.6484193122   0.3496966166
6    0.003409928821    0.6502915793   0.3462984919
7    0.006103417788    0.6491795881   0.3447169942
8    0.01082181261     0.6455637514   0.343614436
9    0.01897016329     0.6387025973   0.3423272394
10   0.0326962389      0.6269330778   0.3403706833
11   0.05487674468     0.6078750683   0.337248187
12   0.08842314365     0.5791180875   0.3324587689
13   0.134404569       0.5398669422   0.3257284888
14   0.1895813901      0.4930122823   0.3174063276
15   0.246050472       0.4453236558   0.3086258721
16   0.2460504911      0.4453237298   0.3086257792
17   0.2460505406      0.4453239221   0.3086255372
18   0.2460506696      0.4453244226   0.3086249078
19   0.2460510053      0.4453257247   0.3086232701
20   0.2460518785      0.4453291123   0.3086190092
21   0.2460541504      0.4453379261   0.3086079235
22   0.2460600621      0.4453608559   0.3085790821
23   0.2460754486      0.445420503    0.3085040484
24   0.2461155347      0.4455756065   0.3083088588
25   0.2462203211      0.4459784747   0.3078012042
26   0.2464973755      0.447021163    0.3064814615
27   0.2472575889      0.4496889903   0.3030534209
28   0.2495820024      0.4562580562   0.2941599413
29   0.2586224703      0.4702785146   0.2710990151
30   0.3068241069      0.482016197    0.2111596961

 [2,*,*]
:           1               2               3           :=
1    5.237605136e-08   0.2319911633   0.7680087844
2    1.467888905e-07   0.3231310416   0.6768688116
3    3.448222566e-07   0.3850592469   0.6149404088
4    7.433790877e-07   0.4219900769   0.5780091797
5    1.537456173e-06   0.4423004623   0.5576980003
6    3.110870957e-06   0.4529702918   0.5470265973
7    6.225936466e-06   0.4584391027   0.5415546714
8    1.239103666e-05   0.4612044099   0.5387831991
9    2.459167159e-05   0.4625886481   0.5373867602
10   4.873542186e-05   0.4632692132   0.5366820514
11   6.736188074e-05   0.4741247787   0.5258078594
12   0.000223819579    0.4974779142   0.5022982663
13   0.001528947267    0.5456540245   0.4528170282
14   0.01199170524     0.634093023    0.3539152717
15   0.08807481187     0.7380671934   0.1738579948
16   0.2079795243      0.6931199336   0.09890054207
17   0.3450134683      0.581268696    0.07371783572
18   0.4592524198      0.4753855047   0.0653620755
19   0.5316452532      0.4062052751   0.0621494717
20   0.5696143071      0.3696292433   0.06075644965
21   0.5760007334      0.3773088742   0.04669039235
22   0.5812326009      0.3835604403   0.03520695881
23   0.5854448967      0.3884708412   0.02608426207
24   0.5888763585      0.3921307321   0.01899290943
25   0.5919287006      0.3944990232   0.01357227617
26   0.5953940717      0.3951265598   0.00947936849
27   0.6011016335      0.3924849803   0.006413386204
28   0.613603624       0.3822727734   0.004123602593
29   0.6442208046      0.3533700401   0.002409155281
30   0.7188325927      0.2800462889   0.001121118347
;

var: PC   PR    :=
1    0    0
2   30   30
;

var T [*,*] (tr)
:         1             2         :=
1    356.5630931   362.3474829
2    354.1425371   359.9121404
3    353.0651224   358.360219
4    352.6080931   357.4710172
5    352.3905749   356.9929052
6    352.2366251   356.7446581
7    352.0537002   356.6180125
8    351.7682402   356.5537764
9    351.2927265   356.5208762
10   350.5104802   356.5031277
11   349.2844792   356.253198
12   347.5116515   355.7126376
13   345.2275583   354.5469477
14   342.6865971   351.9048391
15   340.2858491   344.9631515
16   340.2858472   339.0506675
17   340.2858421   334.1326577
18   340.2858288   330.7228847
19   340.2857943   328.7840484
20   340.2857045   327.8239495
21   340.285471    327.5572418
22   340.2848634   327.3412491
23   340.2832824   327.1697012
24   340.2791679   327.0334629
25   340.2684492   326.9196839
26   340.2404245   326.8067784
27   340.1662016   326.6496056
28   339.9610982   326.3416139
29   339.323318    325.6308597
30   336.8712616   323.9976849
;

var TF = 338.1587438;

var : QC            QR         :=
1   573.103679    618.9729833
2   371.1695646   360.5716391
;
