set C := 1, 2, 3;

param Pr := 30397.5; #0.3 atm

param cPr : 	1			2			3 :=
			1	83.79737	112.2405	91.44217		
			2	-6513.959	-7636.596	-7832.167		
			3	-9.325717 	-14.50891	-10.2817		
			4	7.091413e-6	0.01436147	6.317976e-6		
			5	2		1 		2;
			
param Tref := 298;

param cH : 		1			2			3 :=
			1	43535.144	40419.06	46413.89	
			2	230323.05	292214.3	336708.8	
			3	683.07662	472.7469	380.5709	
			4	82982.783	210647.3	300361.2 	
			5	788.0827	539.575		444.8773;
				
param ch : 		1			2			3 :=
			1	50414286	58101847	74504200
			2	562.16		591.8		617.2		
			3	0.66248342	0.95476587	1.6363189	
			4	-0.25822401	-0.868264	-2.0559065	
			5	0		0.3368207	0.9214337;

			
param cGamma := 
		[*,1,1] 1	0	2	1e-6	3	0
		[*,1,2] 1	0	2	1e-6	3	0
		[*,1,3] 1	0	2	1e-6	3	0
		[*,2,1] 1	0	2	1e-6	3	0
		[*,2,2] 1	0	2	1e-6	3	0
		[*,2,3] 1	0	2	1e-6	3	0
		[*,3,1] 1	0	2	1e-6	3	0
		[*,3,2] 1	0	2	1e-6	3	0
		[*,3,3] 1	0	2	1e-6	3	0;
					

#large
param ns :=	1	30 
		2	30;		 
param fn := 15;
param ccn := 20;
param crn := 10;
param psn := 15;


var V [*,*] (tr)
:         1             2         :=
1    78.33227047   45.59505035
2    79.04212465   45.82162213
3    79.72843535   45.8916884
4    80.23879132   45.90926688
5    80.55891732   45.9079193
6    80.73957849   45.89632325
7    80.83388585   45.87446978
8    80.8767332    45.83883017
9    80.8839954    45.78485636
10   80.85374443   45.71078249
11   80.76304961   45.62477584
12   80.56448738   45.5526772
13   80.2169948    45.53435426
14   79.83834219   45.59826196
15   79.92345522   45.73356249
16   79.92345522   45.89630059
17   79.92345523   46.04344973
18   79.92345524   46.15472682
19   79.92345528   46.22983933
20   79.92345547   49.77133716
21   79.92345622   49.77721738
22   79.92345931   49.78506855
23   79.92347189   49.79550535
24   79.92352321   49.80930456
25   79.92373257   49.8274503
26   79.9245862    49.85129523
27   79.92806126   49.88336176
28   79.9421468    49.93146766
29   80.00000698   50.03092634
30    0             0
;

var y [1,*,*]
:           1               2               3          :=
1    2.073177745e-06   0.3941708589   0.6058270679
2    6.522131028e-06   0.5457851131   0.4542083648
3    1.795843134e-05   0.6577678002   0.3422142413
4    4.608621826e-05   0.7287323243   0.2712215895
5    0.0001138252954   0.7693462547   0.23053992
6    0.0002754602464   0.791162017    0.2085625227
7    0.0006595227252   0.8023039952   0.1970364821
8    0.001569836576    0.807420475    0.1910096884
9    0.003721922883    0.8085931683   0.1876849088
10   0.008786439108    0.8058189804   0.1853945805
11   0.02058565151     0.7965853786   0.1828289698
12   0.04745096382     0.774202002    0.1783470342
13   0.1055370389      0.7251729478   0.1692900133
14   0.2180456877      0.6299722026   0.1519821097
15   0.3950375641      0.4802443162   0.1247181197
16   0.3950375641      0.4802443163   0.1247181196
17   0.3950375641      0.4802443165   0.1247181194
18   0.3950375642      0.4802443173   0.1247181185
19   0.3950375646      0.4802443206   0.1247181148
20   0.3950375659      0.4802443342   0.1247180998
21   0.3950375716      0.4802443897   0.1247180387
22   0.3950375947      0.4802446162   0.1247177891
23   0.3950376889      0.4802455402   0.1247167709
24   0.3950380752      0.4802493084   0.1247126164
25   0.3950396799      0.4802646578   0.1246956624
26   0.3950466605      0.4803269024   0.1246264371
27   0.3950817237      0.4805750518   0.1243432245
28   0.3953244653      0.4814990021   0.1231765326
29   0.3978055725      0.4839299518   0.1182644757
30   0.4285712266      0.4746688342   0.09675993923

 [2,*,*]
:          1               2               3           :=
1    0.000472735393   0.8926536623   0.1068736023
2    0.001006852827   0.9284506076   0.07054253962
3    0.001918789124   0.9387935215   0.05928768942
4    0.003481385298   0.9407049171   0.05581369758
5    0.00615712456    0.9391753402   0.05466753521
6    0.01072244739    0.9351214972   0.05415605539
7    0.01845762971    0.9278217599   0.05372061034
8    0.03140659361    0.9154742234   0.05311918304
9    0.0526499412     0.8951806294   0.0521694294
10   0.08636726206    0.8629610621   0.0506716758
11   0.137160328      0.8144236254   0.04841604663
12   0.2079215384     0.7468088175   0.04526964404
13   0.2963758919     0.662295766    0.04132834207
14   0.3929467477     0.5700394841   0.0370137682
15   0.4837827091     0.4832745883   0.03294270261
16   0.5578580933     0.4125299971   0.02961190965
17   0.6114695105     0.3613367273   0.02719376229
18   0.6469808343     0.3274314448   0.02558772085
19   0.6691350284     0.3062813083   0.02458366326
20   0.682441685      0.2935786407   0.02397967427
21   0.6825421771     0.2939069458   0.02355087717
22   0.6826760662     0.2943442759   0.02297965795
23   0.6828539549     0.2949233298   0.02222271524
24   0.6830910136     0.2956823934   0.02122659302
25   0.6834158809     0.2966567658   0.01992735325
26   0.6839134322     0.2978353878   0.01825117995
27   0.6849303889     0.2989554525   0.01611415859
28   0.6880414406     0.2985458875   0.01341267192
29   0.7003401562     0.2896740119   0.009985831889
30   0.7498819084     0.2445002748   0.005617816731
;

var L [*,*] (tr)
:          1              2          :=
1      0              0
2    108.3322705     75.59505035
3    109.0421246     75.82162213
4    109.7284353     75.8916884
5    110.2387913     75.90926688
6    110.5589173     75.9079193
7    110.7395785     75.89632325
8    110.8338859     75.87446978
9    110.8767332     75.83883017
10   110.8839954     75.78485636
11   110.8537444     75.71078249
12   110.7630496     75.62477584
13   110.5644874     75.5526772
14   110.2169948     75.53435426
15   109.8383422     75.59826196
16     9.923455224   75.73356249
17     9.923455225   75.89630059
18     9.923455227   76.04344973
19     9.923455238   76.15472682
20     9.923455284   76.22983933
21     9.923455469    9.771337161
22     9.923456225    9.777217377
23     9.923459308    9.785068549
24     9.923471887    9.795505353
25     9.923523209    9.809304563
26     9.923732566    9.827450295
27     9.924586203    9.851295232
28     9.928061263    9.883361757
29     9.942146804    9.931467665
30    10.00000698    10.03092634
;

var x [1,*,*]
:           1               2              3          :=
1    4.712307421e-07   0.2257727203   0.7742268085
2    1.6295573e-06     0.3475370707   0.6524612997
3    4.857388992e-06   0.4577423331   0.5422528095
4    1.317739153e-05   0.5396593778   0.4603274448
5    3.367271473e-05   0.5918586527   0.4081076746
6    8.306683624e-05   0.6218483737   0.3780685595
7    0.0002009641125   0.6379947472   0.3618042887
8    0.0004811337363   0.646251195    0.3532676713
9    0.00114521223     0.6500436103   0.3488111775
10   0.002715072894    0.650909335    0.3463755921
11   0.006408720271    0.6488428864   0.3447483933
12   0.01501018739     0.6419816565   0.3430081561
13   0.03457599093     0.6253940181   0.3400299909
14   0.07681100588     0.5892410359   0.3339479582
15   0.1584912884      0.5195737367   0.3219349749
16   0.1584912884      0.5195737368   0.3219349748
17   0.1584912885      0.5195737372   0.3219349743
18   0.1584912887      0.5195737388   0.3219349725
19   0.1584912896      0.5195737454   0.321934965
20   0.1584912934      0.519573772    0.3219349345
21   0.158491309       0.5195738809   0.3219348101
22   0.1584913725      0.519574325    0.3219343025
23   0.1584916318      0.5195761369   0.3219322313
24   0.1584926905      0.5195835287   0.3219237807
25   0.1584970252      0.5196136742   0.3218893006
26   0.1585149393      0.5197364642   0.3217485965
27   0.1585914999      0.5202343372   0.3211741629
28   0.1589565484      0.5222181506   0.318825301
29   0.1612428993      0.5295883901   0.3091687107
30   0.1824461444      0.5487577298   0.2687961258

 [2,*,*]
:           1               2               3          :=
1    0.0001569841951   0.7815602466   0.2182827692
2    0.0003474290931   0.848566087    0.1510864839
3    0.0006705891258   0.8703311595   0.1289982514
4    0.001222347265    0.8766391756   0.1221384771
5    0.002167553161    0.8778095644   0.1200228824
6    0.003785774972    0.8768833837   0.1193308413
7    0.006546172622    0.8744224104   0.119031417
8    0.01122173899     0.869991433    0.118786828
9    0.01904500665     0.8625011054   0.1184538879
10   0.03187021285     0.8502031546   0.1179266325
11   0.05220689179     0.8307064168   0.1170866914
12   0.08281173252     0.8013868749   0.1158013925
13   0.1254236457      0.7606077052   0.1139686491
14   0.1787265476      0.7096640725   0.11160938
15   0.2370742103      0.6539782245   0.1089475652
16   0.292206197       0.6014331624   0.1063606406
17   0.3374121276      0.5583988655   0.1041890069
18   0.3702998127      0.527119653    0.1025805343
19   0.3921743855      0.5063286009   0.1014970136
20   0.4058609417      0.4933257554   0.1008133029
21   0.4063680124      0.4944861115   0.09914587611
22   0.4070456682      0.4960367298   0.09691760202
23   0.4079479253      0.4980996234   0.09395245131
24   0.409144938       0.5008261525   0.09002890955
25   0.4107337046      0.5043908426   0.08487545281
26   0.4128837469      0.5089457703   0.07817048274
27   0.416056365       0.5143962025   0.06954743248
28   0.422058216       0.5193467688   0.05859501524
29   0.4389726426      0.5162201104   0.04480724702
30   0.5027841161      0.4698118595   0.02740402445
;

var : PC   PR    :=
1    0   30
2   40   30
;

var T [*,*] (tr)
:         1             2         :=
1    362.5206742   349.9738219
2    359.290975    348.7608398
3    356.6342036   348.3605381
4    354.8014541   348.2150503
5    353.6894714   348.1320607
6    353.0664718   348.0404787
7    352.7294831   347.8998203
8    352.5417404   347.667365
9    352.4148157   347.2833248
10   352.2774009   346.6636401
11   352.037183    345.7046109
12   351.5240628   344.313143
13   350.4033932   342.4724154
14   348.111551    340.3143298
15   344.0900753   338.1169966
16   344.0900753   336.1819887
17   344.0900753   334.6874067
18   344.0900752   333.6478574
19   344.0900751   332.9773239
20   344.0900745   332.5659163
21   344.0900719   332.5349582
22   344.0900615   332.4936467
23   344.0900189   332.4387656
24   344.089845    332.3662412
25   344.0891349   332.2708249
26   344.0862276   332.1448349
27   344.0742108   331.9720469
28   344.0228475   331.6982521
29   343.7784815   331.096762
30   342.2937382   329.2352556
;

var TF = 338.1587438;

var : QC            QR         :=
1   768.7819403   822.5600127
2   467.390025    456.1524336
;
