set C := 1, 2, 3;

param Pr := 30397.5; #0.3 atm

param cPr : 	1			2			3 :=
			1	83.79737	112.2405	91.44217		
			2	-6513.959	-7636.596	-7832.167		
			3	-9.325717 	-14.50891	-10.2817		
			4	7.091413e-6	0.01436147	6.317976e-6		
			5	2		1 		2;
			
param Tref := 298;

param cH : 		1			2			3 :=
			1	43535.144	40419.06	46413.89	
			2	230323.05	292214.3	336708.8	
			3	683.07662	472.7469	380.5709	
			4	82982.783	210647.3	300361.2 	
			5	788.0827	539.575		444.8773;
				
param ch : 		1			2			3 :=
			1	50414286	58101847	74504200
			2	562.16		591.8		617.2		
			3	0.66248342	0.95476587	1.6363189	
			4	-0.25822401	-0.868264	-2.0559065	
			5	0		0.3368207	0.9214337;

			
param cGamma := 
		[*,1,1] 1	0	2	1e-6	3	0
		[*,1,2] 1	0	2	1e-6	3	0
		[*,1,3] 1	0	2	1e-6	3	0
		[*,2,1] 1	0	2	1e-6	3	0
		[*,2,2] 1	0	2	1e-6	3	0
		[*,2,3] 1	0	2	1e-6	3	0
		[*,3,1] 1	0	2	1e-6	3	0
		[*,3,2] 1	0	2	1e-6	3	0
		[*,3,3] 1	0	2	1e-6	3	0;
					

#xlarge
param ns :=	1	50 
		2	50;		 
param fn := 25;
param ccn := 35;
param crn := 15;
param psn := 25;
	

var V [*,*] (tr)
:         1             2         :=
1    59.98776026   26.84980865
2    60.50955287   27.0645548
3    60.74405685   27.20626729
4    60.83929968   27.28566218
5    60.87637695   27.32646751
6    60.89051357   27.34654819
7    60.89575417   27.35622262
8    60.89748446   27.3608363
9    60.89767415   27.3630259
10   60.89691278   27.36406269
11   60.89513928   27.36455308
12   60.89182521   27.3647849
13   60.88587935   27.3648944
14   60.87533275   27.364946
15   60.85677069   27.38736548
16   60.82446435   27.59529533
17   60.76930254   27.78425317
18   60.67820376   27.93236784
19   60.53615818   28.03596189
20   60.33520836   28.10286463
21   60.09339293   28.14388766
22   59.87183945   28.16824416
23   59.75533519   28.18241303
24   59.78675228   28.19050087
25   59.9313136    28.19487532
26   59.93131359   28.19601528
27   59.93131358   28.19505432
28   59.93131357   28.19138427
29   59.93131357   28.18244953
30   59.93131356   28.16277418
31   59.93131355   28.12446888
32   59.93131355   28.06977066
33   59.93131356   28.05659722
34   59.93131361   28.23226364
35   59.93131373   29.82905562
36   59.93131408   29.86064903
37   59.93131502   29.88552422
38   59.93131749   29.90466279
39   59.93132403   29.9191273
40   59.93134128   29.92991318
41   59.93138672   29.93787871
42   59.93150649   29.94372991
43   59.93182206   29.94804451
44   59.93265358   29.95134083
45   59.93484496   29.9542536
46   59.94062383   29.95804294
47   59.95590703   29.96621729
48   59.99689539   29.99017934
49   60.11632339   30.070594
50    0             0
;

var y [1,*,*]
:           1               2               3          :=
1    1.215775765e-06   0.6608438669   0.3391549174
2    2.800422885e-06   0.7528102861   0.2471869135
3    5.602066526e-06   0.7905943746   0.2094000233
4    1.057102976e-05   0.8053860571   0.1946033719
5    1.941172203e-05   0.8110627966   0.1889177917
6    3.516463932e-05   0.8132171967   0.1867476386
7    6.325217518e-05   0.8140177661   0.1859189817
8    0.0001133432718   0.8142884721   0.1855981847
9    0.0002026770057   0.8143316632   0.1854656598
10   0.0003619798936   0.814241775    0.1853962451
11   0.0006459834815   0.8140181751   0.1853358414
12   0.001152067269    0.8135956953   0.1852522375
13   0.002053137124    0.8128343701   0.1851124927
14   0.003655082865    0.811477424    0.1848674932
15   0.006495534333    0.809070113    0.1844343527
16   0.01150843872     0.8048212306   0.1836703307
17   0.02028247935     0.7973845633   0.1823329574
18   0.03541932603     0.7845557602   0.1800249138
19   0.06089242395     0.7629693295   0.1761382466
20   0.1020134229      0.7281295542   0.169857023
21   0.1641139163      0.6755319606   0.1603541231
22   0.2489883919      0.6036806809   0.1473309272
23   0.3502858851      0.5179850631   0.1317290518
24   0.4531091407      0.4310736902   0.115817169
25   0.5414621844      0.3564658423   0.1020719732
26   0.5414621844      0.3564658424   0.1020719732
27   0.5414621845      0.3564658424   0.1020719731
28   0.5414621845      0.3564658424   0.1020719731
29   0.5414621846      0.3564658425   0.102071973
30   0.5414621846      0.3564658426   0.1020719728
31   0.5414621847      0.3564658428   0.1020719725
32   0.5414621848      0.3564658434   0.1020719718
33   0.5414621851      0.3564658449   0.10207197
34   0.5414621859      0.3564658489   0.1020719652
35   0.5414621879      0.3564658592   0.1020719529
36   0.5414621931      0.3564658864   0.1020719205
37   0.5414622067      0.3564659582   0.1020718351
38   0.5414622425      0.3564661471   0.1020716104
39   0.5414623367      0.356466645    0.1020710183
40   0.5414625848      0.3564679568   0.1020694584
41   0.5414632387      0.356471413    0.1020653483
42   0.5414649625      0.3564805181   0.1020545194
43   0.5414695131      0.3565044973   0.1020259896
44   0.5414815811      0.3565675845   0.1019508344
45   0.541514081       0.3567330176   0.1017529014
46   0.5416059981      0.3571622169   0.101231785
47   0.5419039408      0.3582363228   0.09985973642
48   0.5431763727      0.3605855622   0.09623806508
49   0.5506281885      0.3627841522   0.0865876594
50   0.5999996562      0.3389336201   0.06106671407

 [2,*,*]
:           1               2                3           :=
1    1.563331203e-07   0.4754260973   0.5245737464
2    2.782670388e-07   0.5968829384   0.4031167833
3    3.589591063e-07   0.6649035751   0.3350960659
4    4.128661102e-07   0.6999393953   0.3000601918
5    4.515656787e-07   0.7172083151   0.2827912333
6    4.80722824e-07    0.7255353638   0.2744641554
7    5.036591449e-07   0.7295081788   0.2704913175
8    5.222873395e-07   0.73139398     0.2686054977
9    5.380692542e-07   0.7322869611   0.2677125008
10   5.525309795e-07   0.7327093264   0.2672901211
11   5.677734493e-07   0.7329089858   0.2670904464
12   5.874873612e-07   0.7330033374   0.2669960751
13   6.187414313e-07   0.7330479065   0.2669514747
14   6.755738788e-07   0.7330689338   0.2669303906
15   7.858188663e-07   0.7330788045   0.2669204097
16   7.971690392e-07   0.8033987908   0.196600412
17   8.127032418e-07   0.8600862616   0.1399129257
18   8.49636421e-07    0.9007992674   0.09919988301
19   9.675361733e-07   0.92762862     0.07237041245
20   1.368775918e-06   0.944305643    0.05569298823
21   2.73885512e-06    0.9542938416   0.04570341953
22   7.39664825e-06    0.9601396954   0.03985290801
23   2.318162051e-05   0.9635053746   0.03647144385
24   7.658261579e-05   0.9653923455   0.0345310719
25   0.000257047481    0.9663236993   0.03341925331
26   0.0006829184697   0.9663497642   0.03296731735
27   0.001687093103    0.9655474673   0.03276543965
28   0.004050372021    0.9633165466   0.03263308141
29   0.00958740269     0.9579541031   0.03245849427
30   0.02242518657     0.9454679759   0.03210683751
31   0.05147842143     0.9171903766   0.03133120198
32   0.1137522239      0.8565730118   0.0296747643
33   0.2327710097      0.7407234686   0.02650552167
34   0.416356834       0.5620423222   0.02160084383
35   0.6206593765      0.3632266232   0.01611400029
36   0.6213856606      0.366519273    0.01209506636
37   0.621948024       0.3690829791   0.008968996865
38   0.6223751972      0.3710384471   0.006586355673
39   0.6226951189      0.3725064289   0.004798452149
40   0.6229326864      0.3735947871   0.003472526566
41   0.6231096098      0.3743926079   0.00249778235
42   0.6232468034      0.3749673873   0.001785809283
43   0.6233722863      0.3753595194   0.001268194319
44   0.6235452694      0.3755616222   0.0008931083713
45   0.6239309806      0.3754471808   0.0006218385944
46   0.6250349833      0.3745393186   0.0004256981054
47   0.6284294486      0.371287106    0.0002834453361
48   0.6389027525      0.3609179974   0.0001792501276
49   0.669874697       0.3300238182   0.0001014848023
50   0.7499541546      0.2500024634   4.35355167e-05
;

var L [*,*] (tr)
:          1              2          :=
1      0              0
2    109.9877599     46.84981024
3    110.5095526     47.06455433
4    110.7440567     47.20626547
5    110.8392996     47.28565948
6    110.8763769     47.32646419
7    110.8905135     47.34654441
8    110.8957542     47.35621848
9    110.8974845     47.36083188
10   110.8976742     47.36302127
11   110.8969128     47.36405788
12   110.8951393     47.36454814
13   110.8918253     47.36477985
14   110.8858794     47.36488928
15   110.8753328     47.36494083
16   110.8567708     22.38736054
17   110.8244645     22.5952904
18   110.7693027     22.78424825
19   110.6782039     22.93236294
20   110.5361583     23.03595702
21   110.3352085     23.10285981
22   110.0933931     23.14388288
23   109.8718396     23.16823942
24   109.7553354     23.18240833
25   109.7867525     23.19049446
26     9.931313815   33.19487142
27     9.931313816   33.1960114
28     9.931313818   33.19505046
29     9.931313821   33.19138043
30     9.931313823   33.18244572
31     9.931313826   33.16277039
32     9.931313831   33.12446511
33     9.93131384    33.06976691
34     9.931313862   33.0565935
35     9.931313915   33.23225993
36     9.931314053    9.829052181
37     9.931314413    9.860645615
38     9.931315358    9.885520822
39     9.931317845    9.904659411
40     9.931324395    9.919123946
41     9.931341649    9.929909856
42     9.931387107    9.937875402
43     9.93150688     9.94372663
44     9.931822461    9.948041254
45     9.932654       9.951337602
46     9.93484539     9.954250397
47     9.940624271    9.958039759
48     9.955907478    9.966214134
49     9.996895845    9.990176213
50    10.11632386    10.07059091
;

var x [1,*,*]
:           1               2              3          :=
1    3.309879874e-07   0.4610663764   0.5389332824
2    8.146829837e-07   0.5700258134   0.4299733719
3    1.685242949e-06   0.6208108804   0.3791874344
4    3.225078068e-06   0.6418152866   0.3581814884
5    5.955099524e-06   0.6500622324   0.3499318125
6    1.081096999e-05   0.6532309713   0.3467582177
7    1.946232127e-05   0.6544340834   0.3455464542
8    3.488683608e-05   0.6548812005   0.3450839127
9    6.23940818e-05    0.6550323369   0.344905269
10   0.0001114504408   0.655056327    0.3448322226
11   0.0001989280086   0.6550058731   0.3447951989
12   0.0003548785334   0.6548805424   0.344764579
13   0.000632765622    0.6546437985   0.3447234359
14   0.001127502633    0.6542172423   0.3446552551
15   0.002006951844    0.6534571325   0.3445359157
16   0.003565991651    0.6521091376   0.3443248708
17   0.006316400531    0.649731442    0.3439521574
18   0.01112735382     0.6455743685   0.3432982777
19   0.01941844126     0.6384161527   0.342165406
20   0.03334845911     0.6264063442   0.3402451967
21   0.05578471632     0.6071060006   0.3371092831
22   0.08958011921     0.5781302995   0.3322895813
23   0.1356799916      0.5387803805   0.3255396279
24   0.1907102526      0.4920552577   0.3172344898
25   0.2467505466      0.4447332089   0.3085162446
26   0.2467505467      0.4447332089   0.3085162444
27   0.2467505467      0.444733209    0.3085162443
28   0.2467505468      0.4447332091   0.3085162441
29   0.2467505468      0.4447332093   0.3085162439
30   0.2467505469      0.4447332095   0.3085162436
31   0.2467505471      0.4447332101   0.3085162428
32   0.2467505474      0.4447332114   0.3085162411
33   0.2467505484      0.4447332149   0.3085162368
34   0.2467505507      0.4447332238   0.3085162256
35   0.2467505567      0.444733247    0.3085161962
36   0.2467505726      0.4447333082   0.3085161192
37   0.2467506143      0.4447334694   0.3085159163
38   0.2467507242      0.4447338938   0.308515382
39   0.2467510136      0.4447350121   0.3085139743
40   0.2467517762      0.4447379583   0.3085102654
41   0.2467537856      0.444745721    0.3085004934
42   0.2467590803      0.4447661734   0.3084747463
43   0.2467730366      0.4448200531   0.3084069102
44   0.2468098599      0.4449619446   0.3082281955
45   0.2469073452      0.4453352014   0.3077574535
46   0.2471683862      0.4463136452   0.3065179686
47   0.2478937485      0.4488495838   0.3032566677
48   0.2501388776      0.4551772577   0.2946838646
49   0.2589717153      0.4688788757   0.2721494089
50   0.306609357       0.4806655566   0.2127250865

 [2,*,*]
:           1               2                3           :=
1    3.500078914e-08   0.287693693    0.7123064262
2    7.23186375e-08    0.3952838552   0.6047160725
3    9.874127646e-08   0.4654935159   0.5345063853
4    1.167946686e-07   0.5050901196   0.4949097636
5    1.293850063e-07   0.5255754927   0.4744243779
6    1.385887328e-07   0.5356969732   0.4643028882
7    1.455228355e-07   0.5405835213   0.4594163332
8    1.510302731e-07   0.5429162817   0.4570835672
9    1.556202702e-07   0.5440239086   0.4559759358
10   1.59777148e-07    0.5445484752   0.455451365
11   1.641498503e-07   0.5447966038   0.455203232
12   1.697941479e-07   0.544913903    0.4550859272
13   1.787306246e-07   0.5449693356   0.4550304856
14   1.949608884e-07   0.544995521    0.4550042841
15   2.265303013e-07   0.545007875    0.4549918985
16   2.435813654e-07   0.6389458765   0.36105388
17   2.616642209e-07   0.7256928849   0.2743068535
18   2.848392031e-07   0.7954648678   0.2045348474
19   3.335199184e-07   0.8454720137   0.1545276527
20   4.800843533e-07   0.8783735451   0.1216259748
21   9.707249481e-07   0.8988025048   0.1011965245
22   2.638846823e-06   0.9110292078   0.08896815338
23   8.303144782e-06   0.9181821544   0.08180954251
24   2.749291876e-05   0.9222993896   0.07767311751
25   9.240654543e-05   0.9246076416   0.0753000267
26   0.0002456869935   0.9254040147   0.07435029836
27   0.0006074137814   0.9254275585   0.07396502775
28   0.00146033292     0.9247449223   0.07379474485
29   0.00346757934     0.9228455586   0.07368686212
30   0.008170122639    0.9182802409   0.07354963647
31   0.01907149566     0.9076531255   0.07327537887
32   0.04373539105     0.8836001791   0.07266442989
33   0.09658087481     0.8320923209   0.07132680432
34   0.1975905549      0.7337559186   0.06865352651
35   0.3537407364      0.5819952713   0.06426399234
36   0.357572612       0.59361347     0.04881391801
37   0.3606149203      0.6028463285   0.03653875115
38   0.3629712194      0.6100021494   0.02702663122
39   0.3647613784      0.6154406762   0.01979794541
40   0.3661020245      0.6195121617   0.01438581379
41   0.3670967925      0.622524302    0.01037890556
42   0.3678348352      0.6247282139   0.007436950939
43   0.3683981805      0.6263117518   0.005290067675
44   0.3688864711      0.6273832322   0.00373029671
45   0.3694914091      0.6279080351   0.002600555835
46   0.3707264283      0.6274898173   0.00178375437
47   0.3741440923      0.6246626688   0.001193238898
48   0.3845562861      0.6146788262   0.0007648877521
49   0.4165817431      0.5829673131   0.0004509437047
50   0.5108386386      0.4889447919   0.0002165697364
;

var :   PC   PR    :=
1   25   25
2   20   20
;

var T [*,*] (tr)
:         1             2         :=
1    356.5580089   360.8366674
2    354.1513716   358.1114426
3    353.0940472   356.4563243
4    352.6677638   355.5618497
5    352.5019505   355.109519
6    352.4382029   354.8885772
7    352.4135143   354.7825026
8    352.4034086   354.7319995
9    352.3982845   354.7080504
10   352.3940459   354.6967148
11   352.3883482   354.6913543
12   352.3788986   354.6888202
13   352.3623341   354.6876222
14   352.3329642   354.6870553
15   352.2808545   354.6867859
16   352.188681    352.7258403
17   352.0266635   351.0270821
18   351.7450557   349.7314701
19   351.2650078   348.8387136
20   350.4731489   348.2667453
21   349.2350442   347.9175052
22   347.4521324   347.7105175
23   345.1664617   347.5898452
24   342.6367268   347.5195921
25   340.2572598   347.4767654
26   340.2572597   347.4535077
27   340.2572597   347.4296386
28   340.2572597   347.385724
29   340.2572597   347.2874719
30   340.2572597   347.060339
31   340.2572597   346.5405017
32   340.2572597   345.3944112
33   340.2572596   343.068944
34   340.2572593   339.0584156
35   340.2572587   333.7673106
36   340.2572571   333.495228
37   340.2572528   333.2812245
38   340.2572416   333.1166882
39   340.2572119   332.9923915
40   340.2571338   332.899727
41   340.2569279   332.8312801
42   340.2563853   332.7809195
43   340.2549557   332.7435046
44   340.2511876   332.7140334
45   340.2412458   332.6853264
46   340.2149178   332.641186
47   340.1442824   332.5354538
48   339.9465255   332.2288529
49   339.3234892   331.3160981
50   336.896627    328.8024224
;

var TF = 338.1587438;

var :       QC            QR         :=
1   571.3700846   617.279651
2   282.4245066   280.6414569
;


;

