set C := 1, 2, 3;

param Pr := 30397.5; #0.3 atm

param cPr : 	1			2			3 :=
			1	83.79737	112.2405	91.44217		
			2	-6513.959	-7636.596	-7832.167		
			3	-9.325717 	-14.50891	-10.2817		
			4	7.091413e-6	0.01436147	6.317976e-6		
			5	2		1 		2;
			
param Tref := 298;

param cH : 		1			2			3 :=
			1	43535.144	40419.06	46413.89	
			2	230323.05	292214.3	336708.8	
			3	683.07662	472.7469	380.5709	
			4	82982.783	210647.3	300361.2 	
			5	788.0827	539.575		444.8773;
				
param ch : 		1			2			3 :=
			1	50414286	58101847	74504200
			2	562.16		591.8		617.2		
			3	0.66248342	0.95476587	1.6363189	
			4	-0.25822401	-0.868264	-2.0559065	
			5	0		0.3368207	0.9214337;

			
param cGamma := 
		[*,1,1] 1	0	2	1e-6	3	0
		[*,1,2] 1	0	2	1e-6	3	0
		[*,1,3] 1	0	2	1e-6	3	0
		[*,2,1] 1	0	2	1e-6	3	0
		[*,2,2] 1	0	2	1e-6	3	0
		[*,2,3] 1	0	2	1e-6	3	0
		[*,3,1] 1	0	2	1e-6	3	0
		[*,3,2] 1	0	2	1e-6	3	0
		[*,3,3] 1	0	2	1e-6	3	0;
					

#large
param ns :=	1	30 
		2	30;		 
param fn := 15;
param ccn := 20;
param crn := 10;
param psn := 15;


var V [*,*] (tr)
:         1             2         :=
1    39.5315406    60.3735326
2    39.82845764   60.73558004
3    39.95014746   61.1249473
4    40.0071745    61.44517722
5    40.03489345   61.66060824
6    40.0481874    61.77505172
7    40.0544501    61.79486737
8    40.05736537   61.70488093
9    40.05871342   61.46759266
10   40.05933466   61.11313579
11   40.05962046   61.11313617
12   40.05975184   61.11313695
13   40.05981221   61.11313859
14   40.05983995   61.11314201
15   40.05986614   61.11314918
16   40.06038281   61.11316419
17   40.06120944   61.11319559
18   40.06253139   61.11326129
19   40.06464385   61.11339878
20   40.06801547   61.11368651
21   40.07338645   61.1142886
22   40.0819162    61.11554849
23   40.09539703   61.11818472
24   40.11654288   61.12369969
25   40.14933898   61.13522929
26   40.19942484   61.15927796
27   40.27476677   61.20904667
28   40.3892496    61.30951757
29   40.58661068   61.50131675
30    0             0
;

var y [1,*,*]
:         1              2               3          :=
1    0.3353539486   0.4789457707   0.1857002807
2    0.4701241477   0.4077932116   0.1220826407
3    0.5433620988   0.3534423117   0.1031955895
4    0.5800789061   0.3236610221   0.0962600718
5    0.5976950046   0.3089901918   0.09331480365
6    0.6059586372   0.3020523671   0.09198899571
7    0.6097924671   0.2988256627   0.09138187024
8    0.6115617655   0.2973354366   0.09110279793
9    0.612376263    0.296649259    0.09097447804
10   0.6127507827   0.2963337233   0.09091549397
11   0.6129229006   0.2961887104   0.09088838902
12   0.6130019811   0.2961220832   0.09087593573
13   0.6130383108   0.2960914745   0.09087021467
14   0.6130549999   0.2960774136   0.09086758653
15   0.6130626663   0.2960709544   0.09086637925
16   0.613075636    0.2961210707   0.09080329332
17   0.6130963758   0.296201228    0.09070239616
18   0.6131295148   0.2963293483   0.09054113688
19   0.6131824004   0.2965339111   0.09028368852
20   0.6132666359   0.2968599641   0.08987340003
21   0.6134004104   0.2973782222   0.08922136739
22   0.6136119536   0.2981982938   0.08818975257
23   0.6139446623   0.2994863754   0.08656896232
24   0.6144656439   0.3014843102   0.08405004591
25   0.6152864473   0.3045140098   0.08019954286
26   0.6166413257   0.3089041904   0.07445448388
27   0.6192393087   0.3145975088   0.06616318251
28   0.6258173019   0.3195055992   0.05467709892
29   0.647177344    0.3133520075   0.03947064852
30   0.7180270527   0.2611748685   0.02079807879

 [2,*,*]
:           1               2              3          :=
1    4.730031839e-05   0.3191133577   0.680839342
2    0.0001485926996   0.4544221956   0.5454292117
3    0.0004072752688   0.5613214215   0.4382713032
4    0.001039024526    0.6347596129   0.3642013626
5    0.00254305421     0.6799019983   0.3175549475
6    0.00607001607     0.7044131922   0.2895167917
7    0.01423502424     0.713489834    0.2722751417
8    0.03278307923     0.7075350312   0.2596818896
9    0.07336593322     0.6803819216   0.2462521452
10   0.1554476242      0.6184603873   0.2260919885
11   0.1554476259      0.6184604439   0.2260919302
12   0.1554476296      0.6184605622   0.2260918082
13   0.1554476371      0.6184608098   0.226091553
14   0.155447653       0.6184613279   0.226091019
15   0.1554476863      0.6184624122   0.2260899015
16   0.1554477558      0.6184646812   0.226087563
17   0.1554479014      0.6184694292   0.2260826695
18   0.1554482059      0.6184793647   0.2260724294
19   0.1554488431      0.6185001545   0.2260510024
20   0.1554501763      0.6185436533   0.2260061703
21   0.155452965       0.6186346513   0.2259123837
22   0.1554587965      0.6188249484   0.2257162551
23   0.1554709897      0.6192226026   0.2253064076
24   0.155496534       0.6200522129   0.2244512531
25   0.1555506934      0.6217768012   0.2226725054
26   0.1556718076      0.6253323879   0.2189958045
27   0.1559966026      0.6325151374   0.2114882601
28   0.1572748519      0.6462296583   0.1964954898
29   0.16459797        0.6677830365   0.1676189935
30   0.2114719817      0.673387812    0.1151402063
;

var L [*,*] (tr)
:         1              2         :=
1      0             0
2    109.5315406    90.3735326
3    109.8284576    90.73558004
4    109.9501475    91.1249473
5    110.0071745    91.44517722
6    110.0348935    91.66060824
7    110.0481874    91.77505172
8    110.0544501    91.79486737
9    110.0573654    91.70488093
10   110.0587134    91.46759266
11   110.0593347    21.11313579
12   110.0596205    21.11313617
13   110.0597518    21.11313695
14   110.0598122    21.11313859
15   110.0598399    21.11314201
16    10.05986614   21.11314918
17    10.06038281   21.11316419
18    10.06120944   21.11319559
19    10.06253139   21.11326129
20    10.06464385   21.11339878
21    10.06801547   21.11368651
22    10.07338645   21.1142886
23    10.0819162    21.11554849
24    10.09539703   21.11818472
25    10.11654288   21.12369969
26    10.14933898   21.13522929
27    10.19942484   21.15927796
28    10.27476677   21.20904667
29    10.3892496    21.30951757
30    10.58661068   21.50131675
;

var x [1,*,*]
:         1              2              3          :=
1    0.1208455489   0.4594964849   0.4196579662
2    0.1982647787   0.4665160176   0.3352192037
3    0.2475087851   0.4407466848   0.3117445301
4    0.2743660203   0.4209619312   0.3046720485
5    0.2878585563   0.4100961336   0.30204531
6    0.2943415786   0.4047365518   0.3009218696
7    0.297385484    0.402200207    0.300414309
8    0.2987983706   0.401020145    0.3001814844
9    0.2994505765   0.4004750433   0.3000743802
10   0.2997508568   0.400224028    0.3000251153
11   0.2998889389   0.4001085948   0.3000024663
12   0.299952399    0.4000555434   0.2999920576
13   0.2999815564   0.4000311683   0.2999872753
14   0.2999949515   0.4000199703   0.2999850782
15   0.300001105    0.4000148262   0.2999840689
16   0.3000434328   0.4001362135   0.2998203537
17   0.3001111534   0.4003304317   0.2995584149
18   0.3002194473   0.4006410364   0.2991395163
19   0.3003924893   0.4011374083   0.2984701025
20   0.3006686527   0.4019297197   0.2974016276
21   0.3011085436   0.4031920281   0.2956994283
22   0.3018071558   0.4051970392   0.2929958049
23   0.302911794    0.4083661167   0.2887220892
24   0.3046480888   0.4133348155   0.2820170957
25   0.3073605095   0.421019537    0.2716199535
26   0.3115998559   0.4326183367   0.2557818075
27   0.3184311956   0.4492924652   0.2322763393
28   0.3308013923   0.4705795611   0.1986190466
29   0.3595524004   0.4879414329   0.1525061667
30   0.4464056971   0.4612099213   0.0923843816

 [2,*,*]
:           1               2              3          :=
1    1.030500065e-05   0.1743080488   0.8256816462
2    3.501951559e-05   0.2710444249   0.7289205556
3    0.0001028704926   0.3618077614   0.6380893681
4    0.000276585393    0.4339095379   0.5658138767
5    0.0007015372279   0.4837013795   0.5155970833
6    0.001714099682    0.5144239508   0.4838619495
7    0.004089180007    0.5311291243   0.4647816957
8    0.009586163261    0.537276784    0.4531370527
9    0.0220619135      0.5330971026   0.4448409839
10   0.0493063862      0.5143972735   0.4362963403
11   0.04930638949     0.5143973526   0.4362962579
12   0.04930639639     0.5143975181   0.4362960855
13   0.04930641082     0.5143978644   0.4362957248
14   0.04930644102     0.5143985892   0.4362949698
15   0.04930650422     0.5144001058   0.4362933899
16   0.04930663647     0.5144032796   0.4362900839
17   0.04930691322     0.5144099212   0.4362831656
18   0.04930749235     0.5144238193   0.4362686884
19   0.04930870419     0.5144529018   0.436238394
20   0.04931123989     0.514513756    0.4361750041
21   0.0493165452      0.5146410807   0.4360423741
22   0.04932764338     0.5149074328   0.4357649238
23   0.04935085372     0.5154644061   0.4351847402
24   0.04939938788     0.5166281609   0.4339724513
25   0.04950099604     0.5190555129   0.4314434911
26   0.04971547851     0.5240991086   0.4261854129
27   0.05018583726     0.5344872765   0.4153268862
28   0.05137072284     0.555429778    0.3931994992
29   0.05554166226     0.5952512096   0.3492071282
30   0.07739584693     0.6573561859   0.2652479672
;

var :   PC   PR    :=
1   30    0
2   40   30
;

var T [*,*] (tr)
:         1             2         :=
1    347.4022247   363.9905378
2    342.5768385   361.277152
3    340.2701615   358.9240475
4    339.1572354   357.1649222
5    338.6252878   355.9812738
6    338.3748344   355.2106872
7    338.2582317   354.649027
8    338.2043023   354.0680268
9    338.1794464   353.1575601
10   338.1680104   351.4370704
11   338.1627532   351.4370686
12   338.1603374   351.4370649
13   338.1592275   351.437057
14   338.1587177   351.4370407
15   338.1584834   351.4370064
16   338.1549751   351.4369348
17   338.1493628   351.4367849
18   338.1403904   351.4364711
19   338.1260591   351.4358145
20   338.1032021   351.4344408
21   338.0668322   351.4315667
22   338.0091725   351.4255554
23   337.9182767   351.4129888
24   337.7761944   351.386747
25   337.556696    351.3320613
26   337.2221231   351.2185186
27   336.7149693   350.9839631
28   335.9195819   350.4997073
29   334.4934627   349.4661825
30   331.3236513   346.919069
;

var TF = 338.1587438;

var : QC            QR         :=
1   383.2812216   407.2423711
2   609.3611026   636.3479531
;
